-0.000000
-0.000000
-0.000000
-0.000000
-0.000000
-0.000000
-0.000000
-0.000000
-0.000000
-0.000000
-0.000000
-0.000000
-0.000000
-0.000000
-0.000000
-0.000000
-0.000000
-0.000000
-0.000000
-0.000000
-0.000000
-0.000000
-0.000000
-0.000000
-0.000000
-0.000000
-0.000000
-0.000000
-0.000000
-0.000000
-0.000000
-0.000000
-0.000000
-0.000000
-0.000000
-0.000000
-0.000000
-0.000000
-0.000000
-0.000000
-0.000000
-0.000000
-0.000000
-0.000000
-0.000000
-0.000000
-0.000000
-0.000000
-0.000000
-0.000000
-0.000000
-0.000000
-0.000000
-0.000000
-0.000000
-0.000000
-0.000000
-0.000000
-0.000000
-0.000000
-0.000000
-0.000000
-0.000000
-0.000000
-0.000000
-0.000000
-0.000000
-0.000000
-0.000000
-0.000000
-0.000000
-0.000000
-0.000000
-0.000000
-0.000000
-0.000000
-0.000000
-0.000000
-0.000000
-0.000000
-0.000000
-0.000000
-0.000000
-0.000000
-0.000000
-0.000000
-0.000000
-0.000000
-0.000000
-0.000000
-0.000000
-0.000000
-0.000000
-0.000000
-0.000000
-0.000000
0.403584
1.562726
1.516793
1.555897
1.511726
1.562726
1.536726
1.536726
1.536726
1.543554
1.536726
1.536726
1.543554
1.526204
1.536726
1.536726
1.551783
1.560142
1.536726
1.536726
1.536726
1.536726
1.536726
1.536726
1.555897
1.551783
1.560142
1.555897
1.551783
1.536726
1.530160
1.536726
1.560142
1.555897
1.536726
1.536726
1.536726
-0.000000
-0.000000
-0.000000
-0.000000
-0.000000
-0.000000
-0.000000
-0.000000
-0.000000
-0.000000
-0.000000
-0.000000
-0.000000
-0.000000
-0.000000
-0.000000
-0.000000
-0.000000
-0.000000
-0.000000
-0.000000
-0.000000
-0.000000
-0.000000
-0.000000
-0.000000
-0.000000
-0.000000
-0.000000
-0.000000
-0.000000
-0.000000
-0.000000
-0.000000
-0.000000
-0.000000
-0.000000
-0.000000
-0.000000
-0.000000
-0.000000
-0.000000
-0.000000
-0.000000
-0.000000
-0.000000
-0.000000
-0.000000
-0.000000
-0.000000
-0.000000
-0.000000
-0.000000
-0.000000
-0.000000
-0.000000
-0.000000
-0.000000
-0.000000
-0.000000
-0.000000
-0.000000
-0.000000
-0.000000
-0.000000
-0.000000
-0.000000
-0.000000
-0.000000
-0.000000
-0.000000
-0.000000
-0.000000
-0.000000
-0.000000
-0.000000
-0.000000
-0.000000
-0.000000
-0.000000
-0.000000
-0.000000
-0.000000
-0.000000
-0.000000
-0.000000
-0.000000
-0.000000
-0.000000
-0.000000
-0.000000
-0.000000
-0.000000
-0.000000
-0.000000
-0.000000
-0.000000
-0.000000
-0.000000
-0.000000
-0.000000
-0.000000
-0.000000
-0.000000
-0.000000
-0.000000
-0.000000
-0.000000
-0.000000
-0.000000
-0.000000
-0.000000
-0.000000
-0.000000
-0.000000
-0.000000
-0.000000
-0.000000
-0.000000
-0.000000
-0.000000
-0.000000
-0.000000
-0.000000
-0.000000
-0.000000
-0.000000
-0.000000
-0.000000
-0.000000
-0.000000
-0.000000
-0.000000
-0.000000
-0.000000
-0.000000
-0.000000
-0.000000
-0.000000
-0.000000
-0.000000
-0.000000
-0.000000
-0.000000
-0.000000
-0.000000
-0.000000
-0.000000
-0.000000
-0.000000
-0.000000
-0.000000
-0.000000
-0.000000
-0.000000
-0.000000
-0.000000
-0.000000
-0.000000
-0.000000
-0.000000
-0.000000
-0.000000
-0.000000
-0.000000
-0.000000
-0.000000
-0.000000
-0.000000
-0.000000
-0.000000
-0.000000
-0.000000
-0.000000
-0.000000
-0.000000
-0.000000
-0.000000
-0.000000
-0.000000
-0.000000
-0.000000
-0.000000
-0.000000
-0.000000
-0.000000
-0.000000
-0.000000
-0.000000
-0.000000
-0.000000
-0.000000
-0.000000
-0.000000
-0.000000
-0.000000
-0.000000
-0.000000
-0.000000
-0.000000
-0.000000
-0.000000
-0.000000
-0.000000
-0.000000
-0.000000
-0.000000
-0.000000
-0.000000
-0.000000
-0.000000
-0.000000
-0.000000
-0.000000
-0.000000
-0.000000
-0.000000
-0.000000
-0.000000
-0.000000
-0.000000
-0.000000
-0.000000
-0.000000
-0.000000
-0.000000
-0.000000
-0.000000
-0.000000
-0.000000
-0.000000
-0.000000
-0.000000
-0.000000
-0.000000
-0.000000
-0.000000
-0.000000
-0.000000
-0.000000
-0.000000
-0.000000
-0.000000
-0.000000
-0.000000
-0.000000
-0.000000
-0.000000
-0.000000
-0.000000
-0.000000
-0.000000
-0.000000
-0.000000
-0.000000
-0.000000
-0.000000
-0.000000
-0.000000
-0.000000
-0.000000
-0.000000
-0.000000
-0.000000
-0.000000
-0.000000
-0.000000
-0.000000
-0.000000
-0.000000
-0.000000
-0.000000
-0.000000
-0.000000
-0.000000
-0.000000
-0.000000
-0.000000
-0.000000
-0.000000
-0.000000
-0.000000
-0.000000
-0.000000
-0.000000
-0.000000
-0.000000
-0.000000
-0.000000
-0.000000
-0.000000
-0.000000
-0.000000
-0.000000
-0.000000
-0.000000
-0.000000
-0.000000
-0.000000
-0.000000
-0.000000
1.472334
1.494850
1.480372
1.497433
1.494850
1.505793
1.494850
1.494850
1.484328
1.515783
1.488284
1.484328
1.494850
1.494850
1.480372
1.494850
1.514022
1.480372
1.494850
1.476416
1.484328
1.472334
1.469850
1.484328
1.494850
1.494850
1.494850
1.472334
1.514022
1.480372
1.469850
1.469850
1.480372
1.492366
1.494850
1.469850
1.494850
1.494850
1.491315
1.469850
1.494850
1.494850
1.472334
1.488284
1.494850
1.497433
1.488284
1.484328
1.469850
1.488284
1.494850
1.469850
1.488284
1.484328
1.492366
1.469850
1.469850
1.469850
1.469850
1.469850
1.489783
1.469850
1.469850
1.469850
1.443850
1.469850
1.469850
1.469850
1.469850
1.469850
1.469850
1.443850
1.469850
1.469850
1.469850
1.443850
1.469850
1.469850
1.469850
1.463022
1.469850
1.469850
1.469850
1.484328
1.469850
1.469850
1.454793
1.469850
1.457244
1.469850
1.469850
1.469850
1.469850
1.446433
1.469850
1.469850
1.469850
1.450678
1.469850
1.469850
1.469850
1.469850
1.467267
1.469850
1.469850
1.469850
1.469850
1.469850
1.467267
1.469850
1.454793
1.469850
1.469850
1.469850
1.469850
1.469850
1.458907
1.469850
1.443850
1.454793
1.469850
1.469850
1.469850
1.446433
1.463022
1.469850
1.469850
1.469850
1.469850
1.446433
1.469850
1.469850
1.469850
1.469850
1.469850
1.469850
1.463022
1.469850
1.469850
1.463022
1.458907
1.443850
1.469850
1.458907
1.469850
1.469850
1.458907
1.467267
1.450678
1.458907
1.469850
1.469850
1.469850
1.469850
1.469850
1.469850
1.469850
1.469850
1.480372
1.469850
1.469850
1.469850
1.446433
1.469850
1.458907
1.469850
1.476416
1.469850
1.469850
1.488284
1.480372
1.469850
1.469850
1.469850
1.492366
1.469850
1.469850
1.469850
1.469850
1.458907
1.469850
1.469850
1.484328
1.469850
1.469850
1.480372
1.467267
1.476416
1.469850
1.469850
1.476416
1.469850
1.472334
1.463022
1.484328
1.469850
1.469850
1.469850
1.469850
1.476416
1.469850
1.469850
1.469850
1.484328
1.492366
1.469850
1.454793
1.469850
1.469850
1.469850
1.492366
1.469850
1.469850
1.469850
1.469850
1.469850
1.469850
1.469850
1.480372
1.469850
1.469850
1.469850
1.469850
1.457244
1.469850
1.469850
1.469850
1.469850
1.469850
1.469850
1.469850
1.492366
1.469850
1.469850
1.469850
1.469850
1.469850
1.469850
1.469850
1.484328
1.469850
1.463022
1.469850
1.446433
1.450678
1.469850
1.469850
1.469850
1.469850
1.469850
1.463022
1.454793
1.472334
1.488284
1.469850
1.469850
1.469850
1.469850
1.469850
1.469850
1.469850
1.469850
1.476416
1.458907
1.472334
1.450678
1.469850
1.469850
1.469850
1.469850
1.469850
1.469850
1.469850
1.469850
1.450678
1.469850
1.469850
1.469850
1.469850
1.467267
1.476416
1.458907
1.467267
1.469850
1.484328
1.469850
1.488284
1.469850
1.446433
1.494850
1.469850
1.469850
1.469850
1.469850
1.469850
1.476416
1.484328
1.469850
1.469850
1.480372
1.469850
1.469850
1.469850
1.469850
1.469850
1.469850
1.469850
1.469850
1.469850
1.469850
1.469850
1.469850
1.469850
1.488284
1.469850
1.469850
1.469850
1.469850
1.469850
1.469850
1.469850
1.469850
1.469850
0.618624
-0.000000
-0.000000
-0.000000
-0.000000
-0.000000
-0.000000
-0.000000
-0.000000
-0.000000
-0.000000
-0.000000
-0.000000
-0.000000
-0.000000
-0.000000
-0.000000
-0.000000
-0.000000
-0.000000
-0.000000
-0.000000
-0.000000
-0.000000
-0.000000
-0.000000
-0.000000
-0.000000
-0.000000
-0.000000
-0.000000
-0.000000
-0.000000
-0.000000
-0.000000
-0.000000
-0.000000
-0.000000
-0.000000
-0.000000
-0.000000
-0.000000
-0.000000
-0.000000
-0.000000
-0.000000
-0.000000
-0.000000
-0.000000
-0.000000
-0.000000
-0.000000
-0.000000
-0.000000
-0.000000
-0.000000
-0.000000
-0.000000
-0.000000
-0.000000
-0.000000
-0.000000
-0.000000
-0.000000
-0.000000
-0.000000
-0.000000
-0.000000
-0.000000
-0.000000
-0.000000
-0.000000
-0.000000
-0.000000
-0.000000
-0.000000
-0.000000
-0.000000
-0.000000
-0.000000
-0.000000
-0.000000
-0.000000
-0.000000
-0.000000
-0.000000
-0.000000
-0.000000
-0.000000
-0.000000
-0.000000
-0.000000
-0.000000
-0.000000
-0.000000
-0.000000
-0.000000
-0.000000
-0.000000
-0.000000
-0.000000
-0.000000
-0.000000
-0.000000
-0.000000
-0.000000
-0.000000
-0.000000
-0.000000
-0.000000
-0.000000
-0.000000
-0.000000
-0.000000
-0.000000
-0.000000
-0.000000
-0.000000
-0.000000
-0.000000
-0.000000
-0.000000
-0.000000
-0.000000
-0.000000
-0.000000
-0.000000
-0.000000
-0.000000
-0.000000
-0.000000
-0.000000
-0.000000
-0.000000
-0.000000
-0.000000
-0.000000
-0.000000
-0.000000
-0.000000
-0.000000
-0.000000
-0.000000
-0.000000
-0.000000
-0.000000
-0.000000
-0.000000
-0.000000
-0.000000
-0.000000
-0.000000
-0.000000
-0.000000
-0.000000
-0.000000
-0.000000
-0.000000
-0.000000
-0.000000
-0.000000
-0.000000
-0.000000
-0.000000
-0.000000
-0.000000
-0.000000
-0.000000
-0.000000
-0.000000
-0.000000
-0.000000
-0.000000
-0.000000
-0.000000
-0.000000
-0.000000
-0.000000
-0.000000
-0.000000
-0.000000
-0.000000
-0.000000
-0.000000
-0.000000
-0.000000
-0.000000
-0.000000
-0.000000
-0.000000
-0.000000
-0.000000
-0.000000
-0.000000
-0.000000
-0.000000
-0.000000
-0.000000
-0.000000
-0.000000
-0.000000
-0.000000
-0.000000
-0.000000
-0.000000
-0.000000
-0.000000
-0.000000
-0.000000
-0.000000
-0.000000
-0.000000
-0.000000
-0.000000
-0.000000
-0.000000
-0.000000
-0.000000
-0.000000
-0.000000
-0.000000
-0.000000
-0.000000
-0.000000
-0.000000
-0.000000
-0.000000
-0.000000
-0.000000
-0.000000
-0.000000
-0.000000
-0.000000
-0.000000
-0.000000
-0.000000
-0.000000
-0.000000
-0.000000
-0.000000
-0.000000
-0.000000
-0.000000
-0.000000
-0.000000
-0.000000
-0.000000
-0.000000
-0.000000
-0.000000
-0.000000
-0.000000
-0.000000
-0.000000
-0.000000
-0.000000
-0.000000
-0.000000
-0.000000
-0.000000
-0.000000
-0.000000
-0.000000
-0.000000
-0.000000
-0.000000
-0.000000
-0.000000
-0.000000
-0.000000
-0.000000
-0.000000
-0.000000
-0.000000
-0.000000
-0.000000
-0.000000
-0.000000
-0.000000
-0.000000
-0.000000
-0.000000
-0.000000
-0.000000
-0.000000
-0.000000
-0.000000
-0.000000
-0.000000
-0.000000
-0.000000
-0.000000
-0.000000
-0.000000
-0.000000
-0.000000
-0.000000
-0.000000
-0.000000
-0.000000
-0.000000
1.354075
1.503457
1.488400
1.503457
1.503457
1.503457
1.503457
1.503457
1.503457
1.503457
1.503457
1.503457
1.503457
1.496629
1.503457
1.503457
1.503457
1.503457
1.505941
1.510023
1.503457
1.503457
1.503457
1.503457
1.503457
1.503457
1.503457
1.503457
1.503457
1.488400
1.480041
1.503457
1.503457
1.480041
1.503457
1.517935
1.503457
1.503457
1.503457
1.480041
1.503457
1.513979
1.503457
1.503457
1.503457
1.503457
1.484286
1.517935
1.503457
1.503457
1.503457
1.503457
1.503457
1.503457
1.503457
1.510023
1.503457
1.500874
1.503457
1.513979
1.503457
1.521892
1.503457
1.500874
1.503457
1.503457
1.503457
1.521892
1.503457
1.503457
1.484286
1.503457
1.503457
1.503457
1.503457
1.503457
1.503457
1.492515
1.500874
1.503457
1.503457
1.480041
1.496629
1.503457
1.503457
1.503457
1.492515
1.503457
1.503457
1.492515
1.503457
1.503457
1.503457
1.503457
1.503457
1.498922
1.503457
1.503457
1.506993
1.480041
1.503457
1.503457
1.525973
1.503457
1.503457
1.503457
1.490851
1.503457
1.500874
1.503457
1.503457
1.500874
1.503457
1.503457
1.500874
1.503457
1.503457
1.525973
1.503457
1.503457
1.503457
1.503457
1.503457
1.503457
1.503457
1.517935
1.503457
1.503457
1.503457
1.503457
1.503457
1.488400
1.503457
1.503457
1.503457
1.503457
1.484286
1.503457
1.503457
1.521892
1.503457
1.503457
1.503457
1.503457
1.525973
1.496629
1.503457
1.503457
1.503457
1.528457
1.505941
1.477457
1.503457
1.503457
1.503457
1.503457
1.503457
1.503457
1.492515
1.505941
1.528457
1.503457
1.528457
1.521892
1.503457
1.503457
1.503457
1.488400
1.505941
1.510023
1.513979
1.503457
1.510023
1.503457
1.503457
1.510023
1.503457
1.503457
1.503457
1.503457
1.503457
1.510023
1.503457
1.503457
1.503457
1.503457
1.503457
1.503457
1.503457
1.525973
1.503457
1.503457
1.503457
1.503457
1.513979
1.503457
1.503457
1.503457
1.503457
1.503457
1.503457
1.505941
1.503457
1.503457
1.503457
1.503457
1.503457
1.500874
1.496629
1.503457
1.503457
1.503457
1.513979
1.503457
1.484286
1.503457
1.503457
1.503457
1.503457
1.503457
1.503457
1.503457
1.503457
1.503457
1.503457
1.503457
1.496629
1.503457
1.503457
1.503457
1.503457
1.525973
1.503457
1.503457
1.525973
1.503457
1.503457
1.503457
1.503457
1.506993
1.503457
1.503457
1.503457
1.503457
1.503457
1.503457
1.503457
1.503457
1.503457
1.503457
1.503457
1.503457
1.503457
1.503457
1.503457
1.503457
1.503457
1.503457
1.503457
1.503457
1.503457
1.503457
1.503457
1.503457
1.505941
1.510023
1.503457
1.525973
1.503457
1.503457
1.503457
1.503457
1.503457
1.503457
1.503457
1.503457
1.503457
1.503457
1.503457
1.503457
1.503457
1.503457
1.503457
1.503457
1.503457
1.503457
1.503457
1.503457
1.503457
1.510023
1.503457
1.503457
1.503457
1.498922
1.480041
1.503457
1.503457
1.503457
1.503457
1.517935
1.503457
1.484286
1.503457
1.503457
1.503457
1.503457
1.503457
1.503457
1.503457
1.525973
1.510023
1.503457
1.503457
1.503457
1.503457
1.503457
1.503457
1.503457
1.525973
1.490851
1.503457
1.503457
1.503457
1.492515
1.500874
-0.000000
-0.000000
-0.000000
-0.000000
-0.000000
-0.000000
-0.000000
-0.000000
-0.000000
-0.000000
-0.000000
-0.000000
-0.000000
-0.000000
-0.000000
-0.000000
-0.000000
-0.000000
-0.000000
-0.000000
-0.000000
-0.000000
-0.000000
-0.000000
-0.000000
-0.000000
-0.000000
-0.000000
-0.000000
-0.000000
-0.000000
-0.000000
-0.000000
-0.000000
-0.000000
-0.000000
-0.000000
-0.000000
-0.000000
-0.000000
-0.000000
-0.000000
-0.000000
-0.000000
-0.000000
-0.000000
-0.000000
-0.000000
-0.000000
-0.000000
-0.000000
-0.000000
-0.000000
-0.000000
-0.000000
-0.000000
-0.000000
-0.000000
-0.000000
-0.000000
-0.000000
-0.000000
-0.000000
-0.000000
-0.000000
-0.000000
-0.000000
-0.000000
-0.000000
-0.000000
-0.000000
-0.000000
-0.000000
-0.000000
-0.000000
-0.000000
-0.000000
-0.000000
-0.000000
-0.000000
-0.000000
-0.000000
-0.000000
-0.000000
-0.000000
-0.000000
-0.000000
-0.000000
-0.000000
-0.000000
-0.000000
-0.000000
-0.000000
-0.000000
-0.000000
-0.000000
-0.000000
-0.000000
-0.000000
-0.000000
-0.000000
-0.000000
-0.000000
-0.000000
-0.000000
-0.000000
-0.000000
-0.000000
-0.000000
-0.000000
-0.000000
-0.000000
-0.000000
-0.000000
-0.000000
-0.000000
-0.000000
-0.000000
-0.000000
-0.000000
-0.000000
-0.000000
-0.000000
-0.000000
-0.000000
-0.000000
-0.000000
-0.000000
-0.000000
-0.000000
-0.000000
-0.000000
-0.000000
-0.000000
-0.000000
-0.000000
-0.000000
-0.000000
-0.000000
-0.000000
-0.000000
-0.000000
-0.000000
-0.000000
-0.000000
-0.000000
-0.000000
-0.000000
-0.000000
-0.000000
-0.000000
-0.000000
-0.000000
-0.000000
-0.000000
-0.000000
-0.000000
-0.000000
-0.000000
-0.000000
-0.000000
-0.000000
-0.000000
-0.000000
-0.000000
-0.000000
-0.000000
-0.000000
-0.000000
-0.000000
-0.000000
-0.000000
-0.000000
-0.000000
-0.000000
-0.000000
-0.000000
-0.000000
-0.000000
-0.000000
-0.000000
-0.000000
-0.000000
-0.000000
-0.000000
-0.000000
-0.000000
-0.000000
-0.000000
-0.000000
-0.000000
-0.000000
-0.000000
-0.000000
-0.000000
-0.000000
-0.000000
-0.000000
-0.000000
-0.000000
-0.000000
-0.000000
-0.000000
-0.000000
-0.000000
-0.000000
-0.000000
-0.000000
-0.000000
-0.000000
-0.000000
-0.000000
-0.000000
-0.000000
-0.000000
-0.000000
-0.000000
-0.000000
-0.000000
-0.000000
-0.000000
-0.000000
-0.000000
-0.000000
-0.000000
-0.000000
-0.000000
-0.000000
-0.000000
-0.000000
-0.000000
-0.000000
-0.000000
-0.000000
-0.000000
-0.000000
-0.000000
-0.000000
-0.000000
-0.000000
-0.000000
-0.000000
-0.000000
-0.000000
-0.000000
-0.000000
-0.000000
-0.000000
-0.000000
-0.000000
-0.000000
-0.000000
-0.000000
-0.000000
-0.000000
-0.000000
-0.000000
-0.000000
-0.000000
-0.000000
-0.000000
-0.000000
-0.000000
-0.000000
-0.000000
-0.000000
-0.000000
-0.000000
-0.000000
-0.000000
-0.000000
-0.000000
-0.000000
-0.000000
-0.000000
-0.000000
-0.000000
-0.000000
-0.000000
-0.000000
-0.000000
-0.000000
-0.000000
-0.000000
-0.000000
-0.000000
-0.000000
-0.000000
-0.000000
-0.000000
-0.000000
-0.000000
-0.000000
-0.000000
-0.000000
-0.000000
-0.000000
-0.000000
-0.000000
-0.000000
0.394582
1.502447
1.502447
1.502447
1.487390
1.502447
1.502447
1.502447
1.524963
1.502447
1.487390
1.502447
1.502447
1.502447
1.502447
1.502447
1.502447
1.502447
1.502447
1.502447
1.504931
1.502447
1.502447
1.502447
1.502447
1.502447
1.499864
1.502447
1.502447
1.502447
1.502447
1.502447
1.502447
1.502447
1.512969
1.504931
1.502447
1.502447
1.502447
1.476447
1.491505
1.502447
1.502447
1.502447
1.479031
1.502447
1.502447
1.502447
1.502447
1.502447
1.502447
1.502447
1.502447
1.502447
1.495619
1.502447
1.502447
1.502447
1.502447
1.502447
1.483276
1.491505
1.502447
1.502447
1.487390
1.502447
1.502447
1.502447
1.499864
1.509013
1.491505
1.502447
1.502447
1.502447
1.504931
1.502447
1.502447
1.499864
1.520882
1.502447
1.502447
1.502447
1.502447
1.502447
1.502447
1.502447
1.502447
1.502447
1.491505
1.502447
1.502447
1.491505
1.502447
1.502447
1.502447
1.502447
1.502447
1.502447
1.502447
1.502447
1.502447
1.502447
1.502447
1.491505
1.502447
1.527447
1.502447
1.479031
1.502447
1.502447
1.502447
1.502447
1.516925
1.502447
1.509013
1.502447
1.524963
1.502447
1.487390
1.502447
1.502447
1.502447
1.479031
1.502447
1.502447
1.502447
1.502447
1.502447
1.502447
1.502447
1.502447
1.502447
1.502447
1.491505
1.499864
1.502447
1.487390
1.502447
1.502447
1.491505
1.502447
1.502447
1.502447
1.502447
1.502447
1.502447
1.502447
1.483276
1.502447
1.502447
1.514053
1.502447
1.502447
1.502447
1.502447
1.502447
1.502447
1.502447
1.524963
1.502447
1.502447
1.502447
1.502447
1.502447
1.502447
1.502447
1.502447
1.502447
1.495619
1.502447
1.524963
1.502447
1.502447
1.524963
1.502447
1.502447
1.502447
1.509013
1.502447
1.502447
1.483276
1.502447
1.502447
1.483276
1.502447
1.502447
1.502447
1.502447
1.504931
1.509013
1.487390
1.502447
1.520882
1.502447
1.502447
1.502447
1.502447
1.502447
1.502447
1.502447
1.502447
1.527447
1.502447
1.502447
1.502447
1.502447
1.479031
1.502447
1.502447
1.524963
1.509013
1.502447
1.504931
1.502447
1.505983
1.502447
1.520882
1.502447
1.502447
1.495619
1.502447
1.502447
1.502447
1.502447
1.502447
1.502447
1.491505
1.502447
1.502447
1.502447
1.502447
1.502447
1.502447
1.502447
1.502447
1.491505
1.502447
1.483276
1.502447
1.502447
1.502447
1.502447
1.479031
1.502447
1.502447
1.502447
1.502447
1.516925
1.502447
1.502447
1.502447
1.502447
1.502447
1.502447
1.502447
1.502447
1.502447
1.522380
1.502447
1.512969
1.502447
1.495619
1.502447
1.502447
1.520882
1.516925
1.502447
1.514053
1.502447
1.524963
1.502447
1.491505
1.502447
1.502447
1.502447
1.502447
1.502447
1.502447
1.502447
1.502447
1.502447
1.502447
1.502447
1.502447
1.502447
1.502447
1.491505
1.502447
1.502447
1.502447
1.476447
1.483276
1.502447
1.502447
1.502447
1.502447
1.502447
1.502447
1.491505
1.524963
1.502447
1.487390
1.502447
1.483276
1.502447
1.479031
1.502447
1.502447
1.502447
1.483276
1.502447
1.502447
1.502447
1.502447
1.502447
1.502447
1.502447
1.502447
1.502447
1.502447
1.502447
1.502447
1.516925
1.476447
1.502447
-0.000000
-0.000000
-0.000000
-0.000000
-0.000000
-0.000000
-0.000000
-0.000000
-0.000000
-0.000000
-0.000000
-0.000000
-0.000000
-0.000000
-0.000000
-0.000000
-0.000000
-0.000000
-0.000000
-0.000000
-0.000000
-0.000000
-0.000000
-0.000000
-0.000000
-0.000000
-0.000000
-0.000000
-0.000000
-0.000000
-0.000000
-0.000000
-0.000000
-0.000000
-0.000000
-0.000000
-0.000000
-0.000000
-0.000000
-0.000000
-0.000000
-0.000000
-0.000000
-0.000000
-0.000000
-0.000000
-0.000000
-0.000000
-0.000000
-0.000000
-0.000000
-0.000000
-0.000000
-0.000000
-0.000000
-0.000000
-0.000000
-0.000000
-0.000000
-0.000000
-0.000000
-0.000000
-0.000000
-0.000000
-0.000000
-0.000000
-0.000000
-0.000000
-0.000000
-0.000000
-0.000000
-0.000000
-0.000000
-0.000000
-0.000000
-0.000000
-0.000000
-0.000000
-0.000000
-0.000000
-0.000000
-0.000000
-0.000000
-0.000000
-0.000000
-0.000000
-0.000000
-0.000000
-0.000000
-0.000000
-0.000000
-0.000000
-0.000000
-0.000000
-0.000000
-0.000000
-0.000000
-0.000000
-0.000000
-0.000000
-0.000000
-0.000000
-0.000000
-0.000000
-0.000000
-0.000000
-0.000000
-0.000000
-0.000000
-0.000000
-0.000000
-0.000000
-0.000000
-0.000000
-0.000000
-0.000000
-0.000000
-0.000000
-0.000000
-0.000000
-0.000000
-0.000000
-0.000000
-0.000000
-0.000000
-0.000000
-0.000000
-0.000000
-0.000000
-0.000000
-0.000000
-0.000000
-0.000000
-0.000000
-0.000000
-0.000000
-0.000000
-0.000000
-0.000000
-0.000000
-0.000000
-0.000000
-0.000000
-0.000000
-0.000000
-0.000000
-0.000000
-0.000000
-0.000000
-0.000000
-0.000000
-0.000000
-0.000000
-0.000000
-0.000000
-0.000000
-0.000000
-0.000000
-0.000000
-0.000000
-0.000000
-0.000000
-0.000000
-0.000000
-0.000000
-0.000000
-0.000000
-0.000000
-0.000000
-0.000000
-0.000000
-0.000000
-0.000000
-0.000000
-0.000000
-0.000000
-0.000000
-0.000000
-0.000000
-0.000000
-0.000000
-0.000000
-0.000000
-0.000000
-0.000000
-0.000000
-0.000000
-0.000000
-0.000000
-0.000000
-0.000000
-0.000000
-0.000000
-0.000000
-0.000000
-0.000000
-0.000000
-0.000000
-0.000000
-0.000000
-0.000000
-0.000000
-0.000000
-0.000000
-0.000000
-0.000000
-0.000000
-0.000000
-0.000000
-0.000000
-0.000000
-0.000000
-0.000000
-0.000000
-0.000000
-0.000000
-0.000000
-0.000000
-0.000000
-0.000000
-0.000000
-0.000000
-0.000000
-0.000000
-0.000000
-0.000000
-0.000000
-0.000000
-0.000000
-0.000000
-0.000000
-0.000000
-0.000000
-0.000000
-0.000000
-0.000000
-0.000000
-0.000000
-0.000000
-0.000000
-0.000000
-0.000000
-0.000000
-0.000000
-0.000000
-0.000000
-0.000000
-0.000000
-0.000000
-0.000000
-0.000000
-0.000000
-0.000000
-0.000000
-0.000000
-0.000000
-0.000000
-0.000000
-0.000000
-0.000000
-0.000000
-0.000000
-0.000000
-0.000000
-0.000000
-0.000000
-0.000000
-0.000000
-0.000000
-0.000000
-0.000000
-0.000000
-0.000000
-0.000000
-0.000000
-0.000000
-0.000000
-0.000000
-0.000000
-0.000000
-0.000000
-0.000000
-0.000000
-0.000000
-0.000000
-0.000000
-0.000000
-0.000000
-0.000000
-0.000000
-0.000000
-0.000000
-0.000000
-0.000000
-0.000000
-0.000000
-0.000000
-0.000000
-0.000000
-0.000000
-0.000000
1.501575
1.501575
1.501575
1.501575
1.501575
1.512097
1.501575
1.501575
1.486518
1.501575
1.501575
1.501575
1.501575
1.520009
1.516053
1.478158
1.501575
1.501575
1.504059
1.501575
1.475575
1.501575
1.501575
1.516053
1.501575
1.501575
1.501575
1.501575
1.501575
1.501575
1.501575
1.494747
1.501575
1.501575
1.501575
1.486518
1.501575
1.501575
1.501575
1.501575
1.501575
1.501575
1.501575
1.508141
1.516053
1.501575
1.501575
1.501575
1.478158
1.501575
1.516053
1.501575
1.501575
1.501575
1.501575
1.520009
1.501575
1.501575
1.482403
1.501575
1.498992
1.501575
1.501575
1.498992
1.501575
1.501575
1.501575
1.508141
1.501575
1.504059
1.501575
1.486518
1.501575
1.501575
1.501575
1.501575
1.501575
1.501575
1.501575
1.501575
1.512097
1.501575
1.494747
1.501575
1.501575
1.501575
1.501575
1.501575
1.501575
1.501575
1.526575
1.501575
1.501575
1.501575
1.501575
1.501575
1.501575
1.501575
1.501575
1.501575
1.482403
1.490632
1.501575
1.501575
1.501575
1.501575
1.494747
1.501575
1.501575
1.501575
1.501575
1.501575
1.501575
1.501575
1.501575
1.501575
1.512097
1.501575
1.501575
1.501575
1.501575
1.501575
1.501575
1.501575
1.501575
1.501575
1.501575
1.501575
1.501575
1.501575
1.501575
1.501575
1.501575
1.501575
1.486518
1.478158
1.501575
1.501575
1.480642
1.501575
1.501575
1.501575
1.501575
1.501575
1.501575
1.501575
1.501575
1.501575
1.501575
1.501575
1.501575
1.501575
1.501575
1.478158
1.501575
1.501575
1.501575
1.501575
1.501575
1.501575
1.508141
1.501575
1.501575
1.501575
1.486518
1.501575
1.520009
1.501575
1.501575
1.501575
1.501575
1.524091
1.501575
1.501575
1.501575
1.501575
1.501575
1.501575
1.501575
1.501575
1.501575
1.501575
1.501575
1.501575
1.501575
1.486518
1.501575
1.501575
1.501575
1.498992
1.501575
1.490632
1.501575
1.501575
1.501575
1.501575
1.501575
1.501575
1.524091
1.501575
1.501575
1.478158
1.501575
1.501575
1.501575
1.501575
1.516053
1.501575
1.501575
1.516053
1.501575
1.501575
1.501575
1.524091
1.501575
1.501575
1.501575
1.508141
1.501575
1.501575
1.508141
1.490632
1.501575
1.482403
1.512097
1.501575
1.501575
1.501575
1.501575
1.482403
1.501575
1.504059
1.501575
1.501575
1.501575
1.508141
1.501575
1.501575
1.501575
1.501575
1.501575
1.520009
1.501575
1.498992
1.501575
1.501575
1.501575
1.501575
1.501575
1.501575
1.494747
1.512097
1.501575
1.501575
1.501575
1.501575
1.501575
1.501575
1.501575
1.526575
1.501575
1.501575
1.501575
1.501575
1.501575
1.501575
1.501575
1.501575
1.501575
1.486518
1.501575
1.501575
1.490632
1.501575
1.501575
1.501575
1.501575
1.501575
1.486518
1.498992
1.482403
1.490632
1.501575
1.501575
1.486518
1.501575
1.482403
1.501575
1.501575
1.501575
1.501575
1.498992
1.501575
1.516053
1.478158
1.501575
1.501575
1.501575
1.501575
1.516053
1.501575
1.501575
1.501575
1.501575
1.501575
1.501575
1.501575
1.501575
1.501575
1.501575
1.501575
1.501575
1.524091
1.501575
1.501575
1.501575
1.501575
1.501575
1.501575
1.501575
1.497040
1.501575
1.501575
1.501575
-0.000000
-0.000000
-0.000000
-0.000000
-0.000000
-0.000000
-0.000000
-0.000000
-0.000000
-0.000000
-0.000000
-0.000000
-0.000000
-0.000000
-0.000000
-0.000000
-0.000000
-0.000000
-0.000000
-0.000000
-0.000000
-0.000000
-0.000000
-0.000000
-0.000000
-0.000000
-0.000000
-0.000000
-0.000000
-0.000000
-0.000000
-0.000000
-0.000000
-0.000000
-0.000000
-0.000000
-0.000000
-0.000000
-0.000000
-0.000000
-0.000000
-0.000000
-0.000000
-0.000000
-0.000000
-0.000000
-0.000000
-0.000000
-0.000000
-0.000000
-0.000000
-0.000000
-0.000000
-0.000000
-0.000000
-0.000000
-0.000000
-0.000000
-0.000000
-0.000000
-0.000000
-0.000000
-0.000000
-0.000000
-0.000000
-0.000000
-0.000000
-0.000000
-0.000000
-0.000000
-0.000000
-0.000000
-0.000000
-0.000000
-0.000000
-0.000000
-0.000000
-0.000000
-0.000000
-0.000000
-0.000000
-0.000000
-0.000000
-0.000000
-0.000000
-0.000000
-0.000000
-0.000000
-0.000000
-0.000000
-0.000000
-0.000000
-0.000000
-0.000000
-0.000000
-0.000000
-0.000000
-0.000000
-0.000000
-0.000000
-0.000000
-0.000000
-0.000000
-0.000000
-0.000000
-0.000000
-0.000000
-0.000000
-0.000000
-0.000000
-0.000000
-0.000000
-0.000000
-0.000000
-0.000000
-0.000000
-0.000000
-0.000000
-0.000000
-0.000000
-0.000000
-0.000000
-0.000000
-0.000000
-0.000000
-0.000000
-0.000000
-0.000000
-0.000000
-0.000000
-0.000000
-0.000000
-0.000000
-0.000000
-0.000000
-0.000000
-0.000000
-0.000000
-0.000000
-0.000000
-0.000000
-0.000000
-0.000000
-0.000000
-0.000000
-0.000000
-0.000000
-0.000000
-0.000000
-0.000000
-0.000000
-0.000000
-0.000000
-0.000000
-0.000000
-0.000000
-0.000000
-0.000000
-0.000000
-0.000000
-0.000000
-0.000000
-0.000000
-0.000000
-0.000000
-0.000000
-0.000000
-0.000000
-0.000000
-0.000000
-0.000000
-0.000000
-0.000000
-0.000000
-0.000000
-0.000000
-0.000000
-0.000000
-0.000000
-0.000000
-0.000000
-0.000000
-0.000000
-0.000000
-0.000000
-0.000000
-0.000000
-0.000000
-0.000000
-0.000000
-0.000000
-0.000000
-0.000000
-0.000000
-0.000000
-0.000000
-0.000000
-0.000000
-0.000000
-0.000000
-0.000000
-0.000000
-0.000000
-0.000000
-0.000000
-0.000000
-0.000000
-0.000000
-0.000000
-0.000000
-0.000000
-0.000000
-0.000000
-0.000000
-0.000000
-0.000000
-0.000000
-0.000000
-0.000000
-0.000000
-0.000000
-0.000000
-0.000000
-0.000000
-0.000000
-0.000000
-0.000000
-0.000000
-0.000000
-0.000000
-0.000000
-0.000000
-0.000000
-0.000000
-0.000000
-0.000000
-0.000000
-0.000000
-0.000000
-0.000000
-0.000000
-0.000000
-0.000000
-0.000000
-0.000000
-0.000000
-0.000000
-0.000000
-0.000000
-0.000000
-0.000000
-0.000000
-0.000000
-0.000000
-0.000000
-0.000000
-0.000000
-0.000000
-0.000000
-0.000000
-0.000000
-0.000000
-0.000000
-0.000000
-0.000000
-0.000000
-0.000000
-0.000000
-0.000000
-0.000000
-0.000000
-0.000000
-0.000000
-0.000000
-0.000000
-0.000000
-0.000000
-0.000000
-0.000000
-0.000000
-0.000000
-0.000000
-0.000000
-0.000000
-0.000000
-0.000000
-0.000000
-0.000000
-0.000000
-0.000000
-0.000000
-0.000000
-0.000000
-0.000000
-0.000000
-0.000000
-0.000000
-0.000000
-0.000000
-0.000000
-0.000000
1.525270
1.500270
1.500270
1.500270
1.500270
1.500270
1.500270
1.489327
1.500270
1.487664
1.500270
1.522786
1.500270
1.500270
1.500270
1.500270
1.485213
1.520203
1.500270
1.500270
1.500270
1.481098
1.514748
1.500270
1.506836
1.500270
1.500270
1.500270
1.489327
1.500270
1.518704
1.500270
1.500270
1.506836
1.510792
1.500270
1.500270
1.500270
1.525270
1.518704
1.500270
1.500270
1.500270
1.500270
1.500270
1.500270
1.500270
1.500270
1.500270
1.500270
1.500270
1.500270
1.500270
1.500270
1.518704
1.500270
1.500270
1.500270
1.500270
1.500270
1.518704
1.500270
1.500270
1.500270
1.489327
1.497687
1.500270
1.500270
1.520203
1.500270
1.500270
1.502754
1.500270
1.500270
1.500270
1.500270
1.500270
1.502754
1.518704
1.500270
1.500270
1.500270
1.510792
1.522786
1.500270
1.489327
1.500270
1.500270
1.500270
1.500270
1.500270
1.489327
1.500270
1.500270
1.500270
1.500270
1.500270
1.500270
1.500270
1.493442
1.500270
1.500270
1.500270
1.500270
1.497687
1.500270
1.514748
1.500270
1.481098
1.500270
1.476853
1.500270
1.500270
1.500270
1.500270
1.500270
1.500270
1.506836
1.485213
1.500270
1.506836
1.500270
1.522786
1.500270
1.500270
1.500270
1.500270
1.500270
1.500270
1.500270
1.514748
1.500270
1.500270
1.525270
1.500270
1.500270
1.500270
1.500270
1.500270
1.500270
1.500270
1.500270
1.500270
1.476853
1.481098
1.500270
1.500270
1.500270
1.514748
1.500270
1.500270
1.514748
1.522786
1.500270
1.500270
1.522786
1.500270
1.510792
1.500270
1.500270
1.500270
1.500270
1.500270
1.500270
1.500270
1.500270
1.500270
1.522786
1.500270
1.500270
1.502754
1.500270
1.500270
1.500270
1.506836
1.500270
1.500270
1.500270
1.485213
1.500270
1.500270
1.500270
1.497687
1.518704
1.514748
1.500270
1.506836
1.514748
1.500270
1.506836
1.500270
1.500270
1.500270
1.485213
1.500270
1.506836
1.500270
1.500270
1.500270
1.500270
1.502754
1.487664
1.500270
1.497687
1.500270
1.500270
1.500270
1.500270
1.500270
1.500270
1.500270
1.500270
1.500270
1.500270
1.500270
1.500270
1.518704
1.500270
1.500270
1.500270
1.500270
1.500270
1.500270
1.500270
1.522786
1.500270
1.489327
1.522786
1.500270
1.500270
1.502754
1.500270
1.500270
1.500270
1.500270
1.500270
1.500270
1.500270
1.500270
1.522786
1.500270
1.500270
1.497687
1.500270
1.500270
1.500270
1.506836
1.489327
1.500270
1.493442
1.500270
1.500270
1.500270
1.500270
1.500270
1.506836
1.525270
1.500270
1.500270
1.510792
1.497687
1.500270
1.500270
1.500270
1.493442
1.485213
1.500270
1.500270
1.500270
1.500270
1.500270
1.500270
1.476853
1.500270
1.500270
1.500270
1.500270
1.500270
1.500270
1.518704
1.500270
1.500270
1.500270
1.510792
1.500270
1.500270
1.500270
1.500270
1.500270
1.500270
1.500270
1.500270
1.489327
1.500270
1.500270
1.500270
1.500270
1.500270
1.510792
1.522786
1.500270
1.474270
1.522786
1.500270
1.500270
1.522786
1.500270
1.500270
1.476853
1.518704
1.510792
1.500270
1.500270
1.500270
1.522786
1.500270
1.500270
1.479337
1.500270
1.500270
1.522786
1.500270
1.500270
1.500270
-0.000000
-0.000000
-0.000000
-0.000000
-0.000000
-0.000000
-0.000000
-0.000000
-0.000000
-0.000000
-0.000000
-0.000000
-0.000000
-0.000000
-0.000000
-0.000000
-0.000000
-0.000000
-0.000000
-0.000000
-0.000000
-0.000000
-0.000000
-0.000000
-0.000000
-0.000000
-0.000000
-0.000000
-0.000000
-0.000000
-0.000000
-0.000000
-0.000000
-0.000000
-0.000000
-0.000000
-0.000000
-0.000000
-0.000000
-0.000000
-0.000000
-0.000000
-0.000000
-0.000000
-0.000000
-0.000000
-0.000000
-0.000000
-0.000000
-0.000000
-0.000000
-0.000000
-0.000000
-0.000000
-0.000000
-0.000000
-0.000000
-0.000000
-0.000000
-0.000000
-0.000000
-0.000000
-0.000000
-0.000000
-0.000000
-0.000000
-0.000000
-0.000000
-0.000000
-0.000000
-0.000000
-0.000000
-0.000000
-0.000000
-0.000000
-0.000000
-0.000000
-0.000000
-0.000000
-0.000000
-0.000000
-0.000000
-0.000000
-0.000000
-0.000000
-0.000000
-0.000000
-0.000000
-0.000000
-0.000000
-0.000000
-0.000000
-0.000000
-0.000000
-0.000000
-0.000000
-0.000000
-0.000000
-0.000000
-0.000000
-0.000000
-0.000000
-0.000000
-0.000000
-0.000000
-0.000000
-0.000000
-0.000000
-0.000000
-0.000000
-0.000000
-0.000000
-0.000000
-0.000000
-0.000000
-0.000000
-0.000000
-0.000000
-0.000000
-0.000000
-0.000000
-0.000000
-0.000000
-0.000000
-0.000000
-0.000000
-0.000000
-0.000000
-0.000000
-0.000000
-0.000000
-0.000000
-0.000000
-0.000000
-0.000000
-0.000000
-0.000000
-0.000000
-0.000000
-0.000000
-0.000000
-0.000000
-0.000000
-0.000000
-0.000000
-0.000000
-0.000000
-0.000000
-0.000000
-0.000000
-0.000000
-0.000000
-0.000000
-0.000000
-0.000000
-0.000000
-0.000000
-0.000000
-0.000000
-0.000000
-0.000000
-0.000000
-0.000000
-0.000000
-0.000000
-0.000000
-0.000000
-0.000000
-0.000000
-0.000000
-0.000000
-0.000000
-0.000000
-0.000000
-0.000000
-0.000000
-0.000000
-0.000000
-0.000000
-0.000000
-0.000000
-0.000000
-0.000000
-0.000000
-0.000000
-0.000000
-0.000000
-0.000000
-0.000000
-0.000000
-0.000000
-0.000000
-0.000000
-0.000000
-0.000000
-0.000000
-0.000000
-0.000000
-0.000000
-0.000000
-0.000000
-0.000000
-0.000000
-0.000000
-0.000000
-0.000000
-0.000000
-0.000000
-0.000000
-0.000000
-0.000000
-0.000000
-0.000000
-0.000000
-0.000000
-0.000000
-0.000000
-0.000000
-0.000000
-0.000000
-0.000000
-0.000000
-0.000000
-0.000000
-0.000000
-0.000000
-0.000000
-0.000000
-0.000000
-0.000000
-0.000000
-0.000000
-0.000000
-0.000000
-0.000000
-0.000000
-0.000000
-0.000000
-0.000000
-0.000000
-0.000000
-0.000000
-0.000000
-0.000000
-0.000000
-0.000000
-0.000000
-0.000000
-0.000000
-0.000000
-0.000000
-0.000000
-0.000000
-0.000000
-0.000000
-0.000000
-0.000000
-0.000000
-0.000000
-0.000000
-0.000000
-0.000000
-0.000000
-0.000000
-0.000000
-0.000000
-0.000000
-0.000000
-0.000000
-0.000000
-0.000000
-0.000000
-0.000000
-0.000000
-0.000000
-0.000000
-0.000000
-0.000000
-0.000000
-0.000000
-0.000000
-0.000000
-0.000000
-0.000000
-0.000000
-0.000000
-0.000000
-0.000000
-0.000000
-0.000000
-0.000000
-0.000000
-0.000000
-0.000000
-0.000000
-0.000000
-0.000000
-0.000000
-0.000000
-0.000000
-0.000000
1.500065
1.500065
1.500065
1.489122
1.500065
1.500065
1.510587
1.500065
1.500065
1.500065
1.500065
1.500065
1.514543
1.500065
1.500065
1.514543
1.500065
1.506631
1.489122
1.500065
1.500065
1.489122
1.500065
1.506631
1.500065
1.500065
1.500065
1.510587
1.500065
1.500065
1.500065
1.500065
1.500065
1.500065
1.500065
1.500065
1.500065
1.500065
1.500065
1.500065
1.500065
1.500065
1.500065
1.497482
1.500065
1.500065
1.500065
1.500065
1.500065
1.500065
1.506631
1.500065
1.522581
1.493237
1.500065
1.500065
1.500065
1.500065
1.522581
1.500065
1.500065
1.500065
1.500065
1.500065
1.500065
1.518499
1.500065
1.500065
1.500065
1.500065
1.500065
1.500065
1.500065
1.500065
1.493237
1.510587
1.500065
1.518499
1.500065
1.500065
1.518499
1.500065
1.497482
1.500065
1.514543
1.500065
1.493237
1.500065
1.522581
1.518499
1.500065
1.500065
1.500065
1.500065
1.500065
1.500065
1.500065
1.500065
1.500065
1.514543
1.500065
1.500065
1.500065
1.497482
1.518499
1.500065
1.497482
1.500065
1.500065
1.500065
1.518499
1.500065
1.500065
1.500065
1.500065
1.500065
1.500065
1.500065
1.500065
1.493237
1.500065
1.500065
1.500065
1.514543
1.500065
1.500065
1.489122
1.500065
1.500065
1.500065
1.522581
1.500065
1.485008
1.500065
1.506631
1.500065
1.500065
1.518499
1.514543
1.500065
1.500065
1.514543
1.500065
1.500065
1.500065
1.502549
1.500065
1.500065
1.500065
1.493237
1.500065
1.522581
1.500065
1.500065
1.476648
1.500065
1.500065
1.476648
1.500065
1.500065
1.500065
1.493237
1.500065
1.500065
1.500065
1.500065
1.500065
1.500065
1.510587
1.500065
1.500065
1.500065
1.500065
1.500065
1.500065
1.497482
1.500065
1.485008
1.500065
1.500065
1.500065
1.500065
1.500065
1.500065
1.500065
1.480893
1.500065
1.500065
1.500065
1.500065
1.500065
1.500065
1.500065
1.500065
1.500065
1.500065
1.500065
1.506631
1.500065
1.500065
1.500065
1.500065
1.502549
1.480893
1.510587
1.519998
1.480893
1.500065
1.500065
1.493237
1.500065
1.522581
1.500065
1.500065
1.500065
1.500065
1.500065
1.522581
1.500065
1.500065
1.500065
1.506631
1.500065
1.522581
1.500065
1.500065
1.500065
1.500065
1.500065
1.500065
1.500065
1.500065
1.502549
1.480893
1.514543
1.500065
1.500065
1.500065
1.500065
1.518499
1.500065
1.500065
1.500065
1.500065
1.522581
1.500065
1.510587
1.500065
1.518499
1.500065
1.500065
1.500065
1.500065
1.476648
1.506631
1.500065
1.500065
1.518499
1.500065
1.500065
1.500065
1.500065
1.500065
1.500065
1.500065
1.500065
1.500065
1.500065
1.502549
1.500065
1.500065
1.525065
1.500065
1.500065
1.500065
1.493237
1.514543
1.502549
1.500065
1.489122
1.500065
1.500065
1.500065
1.500065
1.500065
1.514543
1.500065
1.500065
1.500065
1.522581
1.480893
1.500065
1.500065
1.500065
1.500065
1.500065
1.506631
1.489122
1.522581
1.500065
1.500065
1.497482
1.500065
1.500065
1.500065
1.500065
1.500065
1.500065
1.500065
1.500065
1.500065
1.500065
1.500065
1.500065
1.500065
1.500065
1.522581
1.500065
1.514543
1.500065
1.500065
1.474065
1.502549
1.525065
0.620398
-0.000000
-0.000000
-0.000000
-0.000000
-0.000000
-0.000000
-0.000000
-0.000000
-0.000000
-0.000000
-0.000000
-0.000000
-0.000000
-0.000000
-0.000000
-0.000000
-0.000000
-0.000000
-0.000000
-0.000000
-0.000000
-0.000000
-0.000000
-0.000000
-0.000000
-0.000000
-0.000000
-0.000000
-0.000000
-0.000000
-0.000000
-0.000000
-0.000000
-0.000000
-0.000000
-0.000000
-0.000000
-0.000000
-0.000000
-0.000000
-0.000000
-0.000000
-0.000000
-0.000000
-0.000000
-0.000000
-0.000000
-0.000000
-0.000000
-0.000000
-0.000000
-0.000000
-0.000000
-0.000000
-0.000000
-0.000000
-0.000000
-0.000000
-0.000000
-0.000000
-0.000000
-0.000000
-0.000000
-0.000000
-0.000000
-0.000000
-0.000000
-0.000000
-0.000000
-0.000000
-0.000000
-0.000000
-0.000000
-0.000000
-0.000000
-0.000000
-0.000000
-0.000000
-0.000000
-0.000000
-0.000000
-0.000000
-0.000000
-0.000000
-0.000000
-0.000000
-0.000000
-0.000000
-0.000000
-0.000000
-0.000000
-0.000000
-0.000000
-0.000000
-0.000000
-0.000000
-0.000000
-0.000000
-0.000000
-0.000000
-0.000000
-0.000000
-0.000000
-0.000000
-0.000000
-0.000000
-0.000000
-0.000000
-0.000000
-0.000000
-0.000000
-0.000000
-0.000000
-0.000000
-0.000000
-0.000000
-0.000000
-0.000000
-0.000000
-0.000000
-0.000000
-0.000000
-0.000000
-0.000000
-0.000000
-0.000000
-0.000000
-0.000000
-0.000000
-0.000000
-0.000000
-0.000000
-0.000000
-0.000000
-0.000000
-0.000000
-0.000000
-0.000000
-0.000000
-0.000000
-0.000000
-0.000000
-0.000000
-0.000000
-0.000000
-0.000000
-0.000000
-0.000000
-0.000000
-0.000000
-0.000000
-0.000000
-0.000000
-0.000000
-0.000000
-0.000000
-0.000000
-0.000000
-0.000000
-0.000000
-0.000000
-0.000000
-0.000000
-0.000000
-0.000000
-0.000000
-0.000000
-0.000000
-0.000000
-0.000000
-0.000000
-0.000000
-0.000000
-0.000000
-0.000000
-0.000000
-0.000000
-0.000000
-0.000000
-0.000000
-0.000000
-0.000000
-0.000000
-0.000000
-0.000000
-0.000000
-0.000000
-0.000000
-0.000000
-0.000000
-0.000000
-0.000000
-0.000000
-0.000000
-0.000000
-0.000000
-0.000000
-0.000000
-0.000000
-0.000000
-0.000000
-0.000000
-0.000000
-0.000000
-0.000000
-0.000000
-0.000000
-0.000000
-0.000000
-0.000000
-0.000000
-0.000000
-0.000000
-0.000000
-0.000000
-0.000000
-0.000000
-0.000000
-0.000000
-0.000000
-0.000000
-0.000000
-0.000000
-0.000000
-0.000000
-0.000000
-0.000000
-0.000000
-0.000000
-0.000000
-0.000000
-0.000000
-0.000000
-0.000000
-0.000000
-0.000000
-0.000000
-0.000000
-0.000000
-0.000000
-0.000000
-0.000000
-0.000000
-0.000000
-0.000000
-0.000000
-0.000000
-0.000000
-0.000000
-0.000000
-0.000000
-0.000000
-0.000000
-0.000000
-0.000000
-0.000000
-0.000000
-0.000000
-0.000000
-0.000000
-0.000000
-0.000000
-0.000000
-0.000000
-0.000000
-0.000000
-0.000000
-0.000000
-0.000000
-0.000000
-0.000000
-0.000000
-0.000000
-0.000000
-0.000000
-0.000000
-0.000000
-0.000000
-0.000000
-0.000000
-0.000000
-0.000000
-0.000000
-0.000000
-0.000000
-0.000000
-0.000000
-0.000000
-0.000000
-0.000000
-0.000000
-0.000000
-0.000000
-0.000000
-0.000000
-0.000000
-0.000000
-0.000000
-0.000000
-0.000000
1.349986
1.498917
1.498917
1.475501
1.498917
1.498917
1.501401
1.498917
1.498917
1.496334
1.472917
1.498917
1.498917
1.498917
1.498917
1.498917
1.505483
1.498917
1.498917
1.498917
1.498917
1.501401
1.498917
1.483860
1.498917
1.498917
1.483860
1.498917
1.498917
1.513395
1.498917
1.498917
1.513395
1.498917
1.523917
1.498917
1.498917
1.498917
1.498917
1.475501
1.492089
1.513395
1.498917
1.472917
1.513395
1.498917
1.498917
1.498917
1.496334
1.498917
1.498917
1.498917
1.498917
1.513395
1.521433
1.498917
1.513395
1.498917
1.498917
1.509439
1.501401
1.498917
1.498917
1.498917
1.498917
1.498917
1.498917
1.492089
1.513395
1.498917
1.498917
1.498917
1.498917
1.498917
1.498917
1.498917
1.498917
1.498917
1.498917
1.498917
1.498917
1.521433
1.498917
1.487975
1.498917
1.498917
1.509439
1.498917
1.498917
1.498917
1.521433
1.498917
1.498917
1.498917
1.505483
1.498917
1.498917
1.498917
1.483860
1.498917
1.498917
1.498917
1.498917
1.498917
1.487975
1.498917
1.498917
1.498917
1.498917
1.510523
1.498917
1.498917
1.498917
1.498917
1.498917
1.498917
1.498917
1.498917
1.517352
1.498917
1.498917
1.498917
1.498917
1.498917
1.492089
1.487975
1.498917
1.498917
1.498917
1.498917
1.472917
1.498917
1.501401
1.517352
1.498917
1.498917
1.498917
1.498917
1.498917
1.498917
1.498917
1.498917
1.498917
1.498917
1.498917
1.498917
1.498917
1.498917
1.498917
1.509439
1.475501
1.498917
1.487975
1.518850
1.498917
1.483860
1.498917
1.479746
1.498917
1.498917
1.498917
1.498917
1.498917
1.498917
1.498917
1.498917
1.498917
1.498917
1.498917
1.498917
1.509439
1.498917
1.492089
1.498917
1.498917
1.505483
1.498917
1.498917
1.498917
1.498917
1.498917
1.498917
1.498917
1.498917
1.498917
1.513395
1.498917
1.505483
1.498917
1.496334
1.498917
1.513395
1.496334
1.498917
1.498917
1.498917
1.498917
1.498917
1.501401
1.498917
1.498917
1.498917
1.517352
1.498917
1.518850
1.498917
1.498917
1.501401
1.498917
1.498917
1.498917
1.492089
1.498917
1.498917
1.498917
1.498917
1.498917
1.498917
1.487975
1.498917
1.479746
1.498917
1.498917
1.505483
1.498917
1.498917
1.498917
1.483860
1.498917
1.498917
1.498917
1.498917
1.498917
1.498917
1.521433
1.505483
1.498917
1.498917
1.498917
1.498917
1.498917
1.498917
1.498917
1.523917
1.498917
1.498917
1.498917
1.498917
1.513395
1.498917
1.498917
1.483860
1.521433
1.486311
1.498917
1.498917
1.517352
1.513395
1.498917
1.498917
1.498917
1.477985
1.498917
1.498917
1.498917
1.498917
1.523917
1.498917
1.498917
1.509439
1.501401
1.498917
1.498917
1.498917
1.498917
1.498917
1.498917
1.505483
1.498917
1.521433
1.505483
1.509439
1.498917
1.492089
1.498917
1.498917
1.498917
1.498917
1.498917
1.498917
1.487975
1.498917
1.498917
1.513395
1.498917
1.498917
1.498917
1.475501
1.498917
1.498917
1.498917
1.498917
1.498917
1.521433
1.505483
1.498917
1.498917
1.517352
1.498917
1.498917
1.498917
1.509439
1.498917
1.498917
1.498917
1.498917
1.472917
1.498917
1.498917
1.498917
1.498917
1.498917
1.498917
1.498917
1.498917
-0.000000
-0.000000
-0.000000
-0.000000
-0.000000
-0.000000
-0.000000
-0.000000
-0.000000
-0.000000
-0.000000
-0.000000
-0.000000
-0.000000
-0.000000
-0.000000
-0.000000
-0.000000
-0.000000
-0.000000
-0.000000
-0.000000
-0.000000
-0.000000
-0.000000
-0.000000
-0.000000
-0.000000
-0.000000
-0.000000
-0.000000
-0.000000
-0.000000
-0.000000
-0.000000
-0.000000
-0.000000
-0.000000
-0.000000
-0.000000
-0.000000
-0.000000
-0.000000
-0.000000
-0.000000
-0.000000
-0.000000
-0.000000
-0.000000
-0.000000
-0.000000
-0.000000
-0.000000
-0.000000
-0.000000
-0.000000
-0.000000
-0.000000
-0.000000
-0.000000
-0.000000
-0.000000
-0.000000
-0.000000
-0.000000
-0.000000
-0.000000
-0.000000
-0.000000
-0.000000
-0.000000
-0.000000
-0.000000
-0.000000
-0.000000
-0.000000
-0.000000
-0.000000
-0.000000
-0.000000
-0.000000
-0.000000
-0.000000
-0.000000
-0.000000
-0.000000
-0.000000
-0.000000
-0.000000
-0.000000
-0.000000
-0.000000
-0.000000
-0.000000
-0.000000
-0.000000
-0.000000
-0.000000
-0.000000
-0.000000
-0.000000
-0.000000
-0.000000
-0.000000
-0.000000
-0.000000
-0.000000
-0.000000
-0.000000
-0.000000
-0.000000
-0.000000
-0.000000
-0.000000
-0.000000
-0.000000
-0.000000
-0.000000
-0.000000
-0.000000
-0.000000
-0.000000
-0.000000
-0.000000
-0.000000
-0.000000
-0.000000
-0.000000
-0.000000
-0.000000
-0.000000
-0.000000
-0.000000
-0.000000
-0.000000
-0.000000
-0.000000
-0.000000
-0.000000
-0.000000
-0.000000
-0.000000
-0.000000
-0.000000
-0.000000
-0.000000
-0.000000
-0.000000
-0.000000
-0.000000
-0.000000
-0.000000
-0.000000
-0.000000
-0.000000
-0.000000
-0.000000
-0.000000
-0.000000
-0.000000
-0.000000
-0.000000
-0.000000
-0.000000
-0.000000
-0.000000
-0.000000
-0.000000
-0.000000
-0.000000
-0.000000
-0.000000
-0.000000
-0.000000
-0.000000
-0.000000
-0.000000
-0.000000
-0.000000
-0.000000
-0.000000
-0.000000
-0.000000
-0.000000
-0.000000
-0.000000
-0.000000
-0.000000
-0.000000
-0.000000
-0.000000
-0.000000
-0.000000
-0.000000
-0.000000
-0.000000
-0.000000
-0.000000
-0.000000
-0.000000
-0.000000
-0.000000
-0.000000
-0.000000
-0.000000
-0.000000
-0.000000
-0.000000
-0.000000
-0.000000
-0.000000
-0.000000
-0.000000
-0.000000
-0.000000
-0.000000
-0.000000
-0.000000
-0.000000
-0.000000
-0.000000
-0.000000
-0.000000
-0.000000
-0.000000
-0.000000
-0.000000
-0.000000
-0.000000
-0.000000
-0.000000
-0.000000
-0.000000
-0.000000
-0.000000
-0.000000
-0.000000
-0.000000
-0.000000
-0.000000
-0.000000
-0.000000
-0.000000
-0.000000
-0.000000
-0.000000
-0.000000
-0.000000
-0.000000
-0.000000
-0.000000
-0.000000
-0.000000
-0.000000
-0.000000
-0.000000
-0.000000
-0.000000
-0.000000
-0.000000
-0.000000
-0.000000
-0.000000
-0.000000
-0.000000
-0.000000
-0.000000
-0.000000
-0.000000
-0.000000
-0.000000
-0.000000
-0.000000
-0.000000
-0.000000
-0.000000
-0.000000
-0.000000
-0.000000
-0.000000
-0.000000
-0.000000
-0.000000
-0.000000
-0.000000
-0.000000
-0.000000
-0.000000
-0.000000
-0.000000
-0.000000
-0.000000
-0.000000
-0.000000
-0.000000
-0.000000
-0.000000
-0.000000
-0.000000
-0.000000
0.394006
1.500252
1.476835
1.500252
1.500252
1.500252
1.500252
1.500252
1.500252
1.500252
1.500252
1.476835
1.500252
1.495716
1.497668
1.500252
1.500252
1.502736
1.481080
1.500252
1.522768
1.500252
1.514730
1.500252
1.500252
1.500252
1.500252
1.500252
1.489309
1.500252
1.500252
1.500252
1.500252
1.500252
1.500252
1.500252
1.506817
1.510774
1.500252
1.500252
1.500252
1.522768
1.500252
1.500252
1.500252
1.500252
1.514730
1.500252
1.500252
1.500252
1.522768
1.500252
1.514730
1.500252
1.500252
1.500252
1.500252
1.500252
1.500252
1.500252
1.500252
1.500252
1.500252
1.493424
1.500252
1.500252
1.500252
1.500252
1.500252
1.500252
1.500252
1.500252
1.518686
1.500252
1.500252
1.500252
1.500252
1.502736
1.500252
1.500252
1.500252
1.500252
1.510774
1.500252
1.500252
1.500252
1.500252
1.500252
1.500252
1.500252
1.500252
1.500252
1.522768
1.493424
1.500252
1.500252
1.500252
1.510774
1.500252
1.500252
1.500252
1.500252
1.481080
1.500252
1.500252
1.500252
1.489309
1.500252
1.500252
1.500252
1.500252
1.493424
1.500252
1.497668
1.500252
1.514730
1.500252
1.500252
1.489309
1.500252
1.481080
1.500252
1.500252
1.493424
1.500252
1.500252
1.500252
1.485195
1.500252
1.500252
1.485195
1.500252
1.500252
1.500252
1.522768
1.500252
1.500252
1.500252
1.500252
1.500252
1.500252
1.500252
1.500252
1.502736
1.500252
1.500252
1.500252
1.500252
1.500252
1.500252
1.500252
1.500252
1.479319
1.500252
1.500252
1.500252
1.500252
1.500252
1.500252
1.518686
1.500252
1.500252
1.500252
1.485195
1.500252
1.506817
1.500252
1.500252
1.500252
1.500252
1.500252
1.500252
1.500252
1.500252
1.518686
1.500252
1.500252
1.500252
1.500252
1.476835
1.500252
1.500252
1.500252
1.493424
1.500252
1.522768
1.500252
1.500252
1.500252
1.506817
1.500252
1.500252
1.500252
1.514730
1.500252
1.500252
1.500252
1.500252
1.500252
1.500252
1.500252
1.500252
1.500252
1.476835
1.500252
1.500252
1.500252
1.518686
1.500252
1.500252
1.506817
1.500252
1.500252
1.500252
1.510774
1.500252
1.500252
1.500252
1.500252
1.500252
1.500252
1.500252
1.500252
1.500252
1.500252
1.500252
1.500252
1.500252
1.500252
1.500252
1.476835
1.500252
1.500252
1.500252
1.518686
1.500252
1.500252
1.500252
1.514730
1.500252
1.506817
1.500252
1.500252
1.481080
1.489309
1.500252
1.500252
1.500252
1.500252
1.518686
1.500252
1.500252
1.506817
1.500252
1.500252
1.500252
1.500252
1.500252
1.518686
1.500252
1.500252
1.500252
1.500252
1.500252
1.500252
1.500252
1.500252
1.500252
1.500252
1.500252
1.500252
1.485195
1.500252
1.500252
1.500252
1.500252
1.493424
1.489309
1.500252
1.500252
1.485195
1.500252
1.500252
1.500252
1.500252
1.500252
1.489309
1.522768
1.500252
1.485195
1.500252
1.511858
1.500252
1.500252
1.481080
1.500252
1.502736
1.500252
1.500252
1.500252
1.481080
1.514730
1.522768
1.500252
1.500252
1.500252
1.500252
1.510774
1.500252
1.518686
1.500252
1.500252
1.481080
1.500252
1.500252
1.500252
1.500252
1.500252
1.500252
1.500252
1.502736
1.500252
1.500252
1.500252
1.518686
-0.000000
-0.000000
-0.000000
-0.000000
-0.000000
-0.000000
-0.000000
-0.000000
-0.000000
-0.000000
-0.000000
-0.000000
-0.000000
-0.000000
-0.000000
-0.000000
-0.000000
-0.000000
-0.000000
-0.000000
-0.000000
-0.000000
-0.000000
-0.000000
-0.000000
-0.000000
-0.000000
-0.000000
-0.000000
-0.000000
-0.000000
-0.000000
-0.000000
-0.000000
-0.000000
-0.000000
-0.000000
-0.000000
-0.000000
-0.000000
-0.000000
-0.000000
-0.000000
-0.000000
-0.000000
-0.000000
-0.000000
-0.000000
-0.000000
-0.000000
-0.000000
-0.000000
-0.000000
-0.000000
-0.000000
-0.000000
-0.000000
-0.000000
-0.000000
-0.000000
-0.000000
-0.000000
-0.000000
-0.000000
-0.000000
-0.000000
-0.000000
-0.000000
-0.000000
-0.000000
-0.000000
-0.000000
-0.000000
-0.000000
-0.000000
-0.000000
-0.000000
-0.000000
-0.000000
-0.000000
-0.000000
-0.000000
-0.000000
-0.000000
-0.000000
-0.000000
-0.000000
-0.000000
-0.000000
-0.000000
-0.000000
-0.000000
-0.000000
-0.000000
-0.000000
-0.000000
-0.000000
-0.000000
-0.000000
-0.000000
-0.000000
-0.000000
-0.000000
-0.000000
-0.000000
-0.000000
-0.000000
-0.000000
-0.000000
-0.000000
-0.000000
-0.000000
-0.000000
-0.000000
-0.000000
-0.000000
-0.000000
-0.000000
-0.000000
-0.000000
-0.000000
-0.000000
-0.000000
-0.000000
-0.000000
-0.000000
-0.000000
-0.000000
-0.000000
-0.000000
-0.000000
-0.000000
-0.000000
-0.000000
-0.000000
-0.000000
-0.000000
-0.000000
-0.000000
-0.000000
-0.000000
-0.000000
-0.000000
-0.000000
-0.000000
-0.000000
-0.000000
-0.000000
-0.000000
-0.000000
-0.000000
-0.000000
-0.000000
-0.000000
-0.000000
-0.000000
-0.000000
-0.000000
-0.000000
-0.000000
-0.000000
-0.000000
-0.000000
-0.000000
-0.000000
-0.000000
-0.000000
-0.000000
-0.000000
-0.000000
-0.000000
-0.000000
-0.000000
-0.000000
-0.000000
-0.000000
-0.000000
-0.000000
-0.000000
-0.000000
-0.000000
-0.000000
-0.000000
-0.000000
-0.000000
-0.000000
-0.000000
-0.000000
-0.000000
-0.000000
-0.000000
-0.000000
-0.000000
-0.000000
-0.000000
-0.000000
-0.000000
-0.000000
-0.000000
-0.000000
-0.000000
-0.000000
-0.000000
-0.000000
-0.000000
-0.000000
-0.000000
-0.000000
-0.000000
-0.000000
-0.000000
-0.000000
-0.000000
-0.000000
-0.000000
-0.000000
-0.000000
-0.000000
-0.000000
-0.000000
-0.000000
-0.000000
-0.000000
-0.000000
-0.000000
-0.000000
-0.000000
-0.000000
-0.000000
-0.000000
-0.000000
-0.000000
-0.000000
-0.000000
-0.000000
-0.000000
-0.000000
-0.000000
-0.000000
-0.000000
-0.000000
-0.000000
-0.000000
-0.000000
-0.000000
-0.000000
-0.000000
-0.000000
-0.000000
-0.000000
-0.000000
-0.000000
-0.000000
-0.000000
-0.000000
-0.000000
-0.000000
-0.000000
-0.000000
-0.000000
-0.000000
-0.000000
-0.000000
-0.000000
-0.000000
-0.000000
-0.000000
-0.000000
-0.000000
-0.000000
-0.000000
-0.000000
-0.000000
-0.000000
-0.000000
-0.000000
-0.000000
-0.000000
-0.000000
-0.000000
-0.000000
-0.000000
-0.000000
-0.000000
-0.000000
-0.000000
-0.000000
-0.000000
-0.000000
-0.000000
-0.000000
-0.000000
-0.000000
-0.000000
-0.000000
-0.000000
-0.000000
-0.000000
-0.000000
-0.000000
-0.000000
1.502858
1.506940
1.485317
1.500374
1.500374
1.500374
1.500374
1.481203
1.489432
1.500374
1.500374
1.521839
1.500374
1.500374
1.500374
1.502858
1.500374
1.510896
1.500374
1.493546
1.514853
1.522890
1.500374
1.500374
1.500374
1.500374
1.500374
1.497791
1.500374
1.500374
1.500374
1.493546
1.485317
1.502858
1.511981
1.500374
1.476958
1.506940
1.500374
1.476958
1.500374
1.500374
1.500374
1.493546
1.514853
1.500374
1.500374
1.500374
1.525374
1.518809
1.510896
1.500374
1.500374
1.500374
1.500374
1.506940
1.500374
1.500374
1.500374
1.500374
1.500374
1.500374
1.489432
1.500374
1.500374
1.514853
1.500374
1.500374
1.500374
1.502858
1.500374
1.514853
1.500374
1.481203
1.500374
1.500374
1.518809
1.500374
1.500374
1.506940
1.500374
1.500374
1.500374
1.510896
1.476958
1.493546
1.500374
1.500374
1.506940
1.489432
1.500374
1.481203
1.514853
1.500374
1.500374
1.500374
1.500374
1.500374
1.500374
1.500374
1.518809
1.514853
1.500374
1.481203
1.500374
1.500374
1.493546
1.489432
1.500374
1.500374
1.500374
1.500374
1.481203
1.500374
1.500374
1.500374
1.500374
1.500374
1.500374
1.500374
1.500374
1.500374
1.500374
1.497791
1.500374
1.500374
1.522890
1.481203
1.500374
1.500374
1.500374
1.500374
1.522890
1.500374
1.485317
1.500374
1.500374
1.485317
1.500374
1.474374
1.510896
1.500374
1.500374
1.510896
1.500374
1.500374
1.500374
1.500374
1.500374
1.510896
1.500374
1.500374
1.500374
1.500374
1.506940
1.500374
1.500374
1.500374
1.489432
1.497791
1.500374
1.500374
1.500374
1.500374
1.500374
1.500374
1.500374
1.500374
1.522890
1.500374
1.525374
1.500374
1.500374
1.510896
1.500374
1.493546
1.489432
1.500374
1.500374
1.500374
1.500374
1.500374
1.500374
1.476958
1.493546
1.500374
1.497791
1.500374
1.500374
1.500374
1.500374
1.500374
1.497791
1.500374
1.500374
1.502858
1.500374
1.500374
1.522890
1.518809
1.510896
1.500374
1.500374
1.485317
1.500374
1.487768
1.514853
1.500374
1.500374
1.500374
1.500374
1.500374
1.500374
1.500374
1.500374
1.514853
1.500374
1.518809
1.500374
1.500374
1.500374
1.500374
1.500374
1.500374
1.514853
1.522890
1.500374
1.500374
1.502858
1.500374
1.500374
1.500374
1.493546
1.500374
1.500374
1.500374
1.500374
1.500374
1.481203
1.489432
1.476958
1.500374
1.500374
1.500374
1.506940
1.500374
1.500374
1.500374
1.485317
1.500374
1.500374
1.500374
1.500374
1.500374
1.510896
1.476958
1.506940
1.500374
1.522890
1.500374
1.500374
1.500374
1.518809
1.500374
1.500374
1.500374
1.485317
1.500374
1.500374
1.500374
1.500374
1.518809
1.500374
1.500374
1.500374
1.500374
1.500374
1.506940
1.500374
1.500374
1.500374
1.500374
1.500374
1.481203
1.525374
1.500374
1.500374
1.495839
1.500374
1.500374
1.500374
1.500374
1.506940
1.500374
1.500374
1.518809
1.500374
1.500374
1.500374
1.500374
1.497791
1.493546
1.500374
1.500374
1.500374
1.500374
1.500374
1.500374
1.500374
1.500374
1.481203
1.500374
1.500374
1.506940
1.500374
1.500374
1.487768
1.500374
1.497791
1.500374
1.500374
1.522890
1.500374
1.500374
-0.000000
-0.000000
-0.000000
-0.000000
-0.000000
-0.000000
-0.000000
-0.000000
-0.000000
-0.000000
-0.000000
-0.000000
-0.000000
-0.000000
-0.000000
-0.000000
-0.000000
-0.000000
-0.000000
-0.000000
-0.000000
-0.000000
-0.000000
-0.000000
-0.000000
-0.000000
-0.000000
-0.000000
-0.000000
-0.000000
-0.000000
-0.000000
-0.000000
-0.000000
-0.000000
-0.000000
-0.000000
-0.000000
-0.000000
-0.000000
-0.000000
-0.000000
-0.000000
-0.000000
-0.000000
-0.000000
-0.000000
-0.000000
-0.000000
-0.000000
-0.000000
-0.000000
-0.000000
-0.000000
-0.000000
-0.000000
-0.000000
-0.000000
-0.000000
-0.000000
-0.000000
-0.000000
-0.000000
-0.000000
-0.000000
-0.000000
-0.000000
-0.000000
-0.000000
-0.000000
-0.000000
-0.000000
-0.000000
-0.000000
-0.000000
-0.000000
-0.000000
-0.000000
-0.000000
-0.000000
-0.000000
-0.000000
-0.000000
-0.000000
-0.000000
-0.000000
-0.000000
-0.000000
-0.000000
-0.000000
-0.000000
-0.000000
-0.000000
-0.000000
-0.000000
-0.000000
-0.000000
-0.000000
-0.000000
-0.000000
-0.000000
-0.000000
-0.000000
-0.000000
-0.000000
-0.000000
-0.000000
-0.000000
-0.000000
-0.000000
-0.000000
-0.000000
-0.000000
-0.000000
-0.000000
-0.000000
-0.000000
-0.000000
-0.000000
-0.000000
-0.000000
-0.000000
-0.000000
-0.000000
-0.000000
-0.000000
-0.000000
-0.000000
-0.000000
-0.000000
-0.000000
-0.000000
-0.000000
-0.000000
-0.000000
-0.000000
-0.000000
-0.000000
-0.000000
-0.000000
-0.000000
-0.000000
-0.000000
-0.000000
-0.000000
-0.000000
-0.000000
-0.000000
-0.000000
-0.000000
-0.000000
-0.000000
-0.000000
-0.000000
-0.000000
-0.000000
-0.000000
-0.000000
-0.000000
-0.000000
-0.000000
-0.000000
-0.000000
-0.000000
-0.000000
-0.000000
-0.000000
-0.000000
-0.000000
-0.000000
-0.000000
-0.000000
-0.000000
-0.000000
-0.000000
-0.000000
-0.000000
-0.000000
-0.000000
-0.000000
-0.000000
-0.000000
-0.000000
-0.000000
-0.000000
-0.000000
-0.000000
-0.000000
-0.000000
-0.000000
-0.000000
-0.000000
-0.000000
-0.000000
-0.000000
-0.000000
-0.000000
-0.000000
-0.000000
-0.000000
-0.000000
-0.000000
-0.000000
-0.000000
-0.000000
-0.000000
-0.000000
-0.000000
-0.000000
-0.000000
-0.000000
-0.000000
-0.000000
-0.000000
-0.000000
-0.000000
-0.000000
-0.000000
-0.000000
-0.000000
-0.000000
-0.000000
-0.000000
-0.000000
-0.000000
-0.000000
-0.000000
-0.000000
-0.000000
-0.000000
-0.000000
-0.000000
-0.000000
-0.000000
-0.000000
-0.000000
-0.000000
-0.000000
-0.000000
-0.000000
-0.000000
-0.000000
-0.000000
-0.000000
-0.000000
-0.000000
-0.000000
-0.000000
-0.000000
-0.000000
-0.000000
-0.000000
-0.000000
-0.000000
-0.000000
-0.000000
-0.000000
-0.000000
-0.000000
-0.000000
-0.000000
-0.000000
-0.000000
-0.000000
-0.000000
-0.000000
-0.000000
-0.000000
-0.000000
-0.000000
-0.000000
-0.000000
-0.000000
-0.000000
-0.000000
-0.000000
-0.000000
-0.000000
-0.000000
-0.000000
-0.000000
-0.000000
-0.000000
-0.000000
-0.000000
-0.000000
-0.000000
-0.000000
-0.000000
-0.000000
-0.000000
-0.000000
-0.000000
-0.000000
-0.000000
-0.000000
-0.000000
-0.000000
-0.000000
-0.000000
-0.000000
1.500720
1.496184
1.500720
1.500720
1.485663
1.500720
1.500720
1.500720
1.500720
1.500720
1.500720
1.523236
1.500720
1.500720
1.500720
1.500720
1.500720
1.500720
1.500720
1.500720
1.500720
1.500720
1.511242
1.500720
1.493892
1.500720
1.500720
1.481548
1.515198
1.523236
1.481548
1.540777
1.500720
1.500720
1.500720
1.500720
1.500720
1.500720
1.500720
1.500720
1.485663
1.500720
1.507285
1.500720
1.500720
1.481548
1.500720
1.523236
1.519154
1.515198
1.500720
1.500720
1.485663
1.500720
1.500720
1.500720
1.503204
1.519154
1.500720
1.500720
1.500720
1.500720
1.503204
1.507285
1.511242
1.500720
1.500720
1.500720
1.500720
1.500720
1.500720
1.500720
1.500720
1.500720
1.500720
1.500720
1.500720
1.500720
1.500720
1.500720
1.500720
1.500720
1.500720
1.500720
1.519154
1.500720
1.500720
1.481548
1.500720
1.503204
1.493892
1.500720
1.500720
1.500720
1.500720
1.500720
1.507285
1.500720
1.500720
1.500720
1.496184
1.523236
1.500720
1.500720
1.477303
1.500720
1.500720
1.523236
1.500720
1.500720
1.500720
1.500720
1.500720
1.500720
1.500720
1.489777
1.477303
1.500720
1.500720
1.503204
1.500720
1.500720
1.523236
1.507285
1.500720
1.500720
1.500720
1.500720
1.500720
1.507285
1.485663
1.500720
1.500720
1.511242
1.500720
1.500720
1.500720
1.500720
1.500720
1.500720
1.523236
1.500720
1.500720
1.500720
1.500720
1.500720
1.523236
1.500720
1.500720
1.500720
1.519154
1.500720
1.500720
1.500720
1.515198
1.500720
1.500720
1.489777
1.500720
1.500720
1.500720
1.500720
1.481548
1.500720
1.500720
1.507285
1.500720
1.500720
1.500720
1.485663
1.500720
1.500720
1.500720
1.503204
1.500720
1.500720
1.500720
1.500720
1.511242
1.523236
1.500720
1.500720
1.477303
1.500720
1.500720
1.500720
1.500720
1.515198
1.477303
1.500720
1.500720
1.503204
1.481548
1.500720
1.523236
1.500720
1.460242
1.452204
1.423720
1.409242
1.372720
1.372720
1.372720
1.350204
1.347720
1.332663
1.321720
1.334326
1.307242
1.296720
1.270720
1.270720
1.270720
1.270720
1.256242
1.268236
1.252285
1.219720
1.219720
1.213154
1.209198
1.194720
1.194720
1.168720
1.171303
1.168720
1.168720
1.148787
1.168720
1.143720
1.120303
1.124548
1.128663
1.117720
1.111154
1.092720
1.092720
1.092720
1.077663
1.090137
1.085892
1.077663
1.090137
1.048285
1.052242
1.044204
1.041720
1.026663
1.018303
1.034892
1.030777
1.039137
1.015720
1.005198
0.993204
1.015720
0.990720
0.969787
0.990720
0.964720
0.964720
0.964720
0.964720
0.964720
0.939720
0.950242
0.939720
0.946285
0.939720
0.913720
0.932892
0.913720
0.939720
0.895285
0.903198
0.888720
0.888720
0.899242
0.886137
0.862720
0.892255
0.862720
0.862720
0.877777
0.862720
0.844285
0.862720
0.862720
0.844285
0.837720
0.840204
0.818548
0.848242
0.857653
0.818548
0.811720
0.811720
0.811720
0.811720
0.791787
0.824326
0.797242
0.786720
0.805154
0.786720
0.809236
0.767548
0.786720
0.760720
0.760720
0.775777
0.760720
0.760720
0.760720
0.760720
0.754154
0.760720
0.760720
0.742285
0.746242
0.760720
0.716548
0.735720
0.689787
0.709720
0.731184
0.712303
0.703154
0.709720
0.687204
0.703154
0.684720
0.687204
0.684720
0.673777
0.684720
0.665548
0.684720
0.684720
0.658720
0.684720
0.682137
0.658720
0.673777
0.661303
0.677892
0.684720
0.682137
0.658720
0.673777
0.658720
0.658720
0.618663
0.636204
0.633720
0.629184
0.607720
0.614548
0.622777
0.605236
0.626892
0.622777
0.607720
0.607720
0.593242
0.585204
0.607720
0.607720
0.607720
0.582720
0.593242
0.582720
0.582720
0.582720
0.559303
0.582720
0.582720
0.580137
0.575892
0.556720
0.559303
0.563548
0.556720
0.559303
0.538285
0.556720
0.556720
0.550154
0.553184
0.556720
0.531720
0.556720
0.534204
0.550154
0.542242
0.531720
0.538285
0.505720
0.551653
0.524892
0.505720
0.531720
0.505720
0.505720
0.505720
0.524892
0.520777
0.505720
0.505720
0.520777
0.483204
0.531720
0.495198
0.485787
0.487285
0.480720
0.483204
0.480720
0.480720
0.480720
0.461548
0.480720
0.454720
0.480720
0.469777
0.457303
0.473892
0.454720
0.454720
0.454720
0.454720
0.478137
-0.000000
-0.000000
-0.000000
-0.000000
-0.000000
-0.000000
-0.000000
-0.000000
-0.000000
-0.000000
-0.000000
-0.000000
-0.000000
-0.000000
-0.000000
-0.000000
-0.000000
-0.000000
-0.000000
-0.000000
-0.000000
-0.000000
-0.000000
-0.000000
-0.000000
-0.000000
-0.000000
-0.000000
-0.000000
-0.000000
-0.000000
-0.000000
-0.000000
-0.000000
-0.000000
-0.000000
-0.000000
-0.000000
-0.000000
-0.000000
-0.000000
-0.000000
-0.000000
-0.000000
-0.000000
-0.000000
-0.000000
-0.000000
-0.000000
-0.000000
-0.000000
-0.000000
-0.000000
-0.000000
-0.000000
-0.000000
-0.000000
-0.000000
-0.000000
-0.000000
-0.000000
-0.000000
-0.000000
-0.000000
-0.000000
-0.000000
-0.000000
-0.000000
-0.000000
-0.000000
-0.000000
-0.000000
-0.000000
-0.000000
-0.000000
-0.000000
-0.000000
-0.000000
-0.000000
-0.000000
-0.000000
-0.000000
-0.000000
-0.000000
-0.000000
-0.000000
-0.000000
-0.000000
-0.000000
-0.000000
-0.000000
-0.000000
-0.000000
-0.000000
-0.000000
-0.000000
-0.000000
-0.000000
-0.000000
-0.000000
-0.000000
-0.000000
-0.000000
-0.000000
-0.000000
-0.000000
-0.000000
-0.000000
-0.000000
-0.000000
-0.000000
-0.000000
-0.000000
-0.000000
-0.000000
-0.000000
-0.000000
-0.000000
-0.000000
-0.000000
-0.000000
-0.000000
-0.000000
-0.000000
-0.000000
-0.000000
-0.000000
-0.000000
-0.000000
-0.000000
-0.000000
-0.000000
-0.000000
-0.000000
-0.000000
-0.000000
-0.000000
-0.000000
-0.000000
-0.000000
-0.000000
-0.000000
-0.000000
-0.000000
-0.000000
-0.000000
-0.000000
-0.000000
-0.000000
-0.000000
-0.000000
-0.000000
-0.000000
-0.000000
-0.000000
-0.000000
-0.000000
-0.000000
-0.000000
-0.000000
-0.000000
-0.000000
-0.000000
-0.000000
-0.000000
-0.000000
-0.000000
-0.000000
-0.000000
-0.000000
-0.000000
-0.000000
-0.000000
-0.000000
-0.000000
-0.000000
-0.000000
-0.000000
-0.000000
-0.000000
-0.000000
-0.000000
-0.000000
-0.000000
-0.000000
-0.000000
-0.000000
-0.000000
-0.000000
-0.000000
-0.000000
-0.000000
-0.000000
-0.000000
-0.000000
-0.000000
-0.000000
-0.000000
-0.000000
-0.000000
-0.000000
-0.000000
-0.000000
-0.000000
-0.000000
-0.000000
-0.000000
-0.000000
-0.000000
-0.000000
-0.000000
-0.000000
-0.000000
-0.000000
-0.000000
-0.000000
-0.000000
-0.000000
-0.000000
-0.000000
-0.000000
-0.000000
-0.000000
-0.000000
-0.000000
-0.000000
-0.000000
-0.000000
-0.000000
-0.000000
-0.000000
-0.000000
-0.000000
-0.000000
-0.000000
-0.000000
-0.000000
-0.000000
-0.000000
-0.000000
-0.000000
-0.000000
-0.000000
-0.000000
-0.000000
-0.000000
-0.000000
-0.000000
-0.000000
-0.000000
-0.000000
-0.000000
-0.000000
-0.000000
-0.000000
-0.000000
-0.000000
-0.000000
-0.000000
-0.000000
-0.000000
-0.000000
-0.000000
-0.000000
-0.000000
-0.000000
-0.000000
-0.000000
-0.000000
-0.000000
-0.000000
-0.000000
-0.000000
-0.000000
-0.000000
-0.000000
-0.000000
-0.000000
-0.000000
-0.000000
-0.000000
-0.000000
-0.000000
-0.000000
-0.000000
-0.000000
-0.000000
-0.000000
-0.000000
-0.000000
-0.000000
-0.000000
-0.000000
-0.000000
-0.000000
-0.000000
-0.000000
-0.000000
-0.000000
-0.000000
0.393919
1.484863
1.499921
1.499921
1.444385
1.397921
1.295921
1.229863
1.170504
1.136092
1.076863
1.065921
0.989921
0.974863
0.963921
0.912921
0.876978
0.864504
0.836921
0.825978
0.808437
0.785921
0.759921
0.737405
0.753355
0.719863
0.686405
0.721527
0.683921
0.660504
0.657921
0.632921
0.632921
0.620314
0.606921
0.606921
0.588486
0.596399
0.560988
0.555921
0.581921
0.555921
0.549355
0.541442
0.533405
0.549355
0.515863
0.530921
0.524092
0.494399
0.504921
0.486486
0.483456
0.499853
0.460749
0.468978
0.477337
0.453921
0.439442
0.453921
0.453921
0.453921
0.428921
0.453921
0.443399
0.405504
0.428921
0.413863
0.407988
0.428921
0.402921
0.405504
0.377921
0.388442
0.400437
0.377921
0.388442
0.377921
0.377921
0.366978
0.375337
0.371092
0.351921
0.351921
0.351921
0.351921
0.372853
0.351921
0.337442
0.349437
0.326921
0.351921
0.329405
0.326921
0.330456
0.326921
0.326921
0.326921
0.326921
0.333486
0.315978
0.303504
0.289314
0.311863
0.303504
0.282486
0.300921
0.275921
0.300921
0.286442
0.300921
0.294355
0.290399
0.278405
0.294355
0.275921
0.298437
0.275921
0.275921
0.275921
0.249921
0.249921
0.273337
0.269092
0.275921
0.273337
0.249921
0.264978
0.273337
0.256749
0.260863
0.275921
0.256749
0.275921
0.249921
0.249921
0.275921
0.249921
0.249921
0.260863
0.249921
0.243355
0.224921
0.203988
0.243355
0.239399
0.249921
0.218092
0.228456
0.249921
0.231486
0.239399
0.247437
0.198921
0.228456
0.201504
0.224921
0.213978
0.198921
0.212314
0.198921
0.224921
0.205749
0.198921
0.203988
0.218092
0.209863
0.198921
0.198921
0.209863
0.201504
0.224921
0.209863
0.196437
0.218092
0.184442
0.198921
0.218092
0.173921
0.198921
0.198921
0.198921
0.198921
0.192355
0.198921
0.173921
0.180486
0.198921
0.198921
0.173921
0.177456
0.176405
0.173921
0.188399
0.176405
0.173921
0.173921
0.176405
0.173921
0.184442
0.173921
0.180486
0.173921
0.173921
0.192355
0.173921
0.173921
0.167092
0.162978
0.171337
0.154749
0.147921
0.193853
0.154749
0.147921
0.171337
0.147921
0.177456
0.147921
0.147921
0.147921
0.150504
0.147921
0.162978
0.173921
0.154749
0.147921
0.150504
0.147921
0.158863
0.171337
0.147921
0.158863
0.147921
0.167092
0.147921
0.147921
0.192355
0.158863
0.125405
-0.000000
-0.000000
-0.000000
-0.000000
-0.000000
-0.000000
-0.000000
-0.000000
-0.000000
-0.000000
-0.000000
-0.000000
-0.000000
-0.000000
-0.000000
-0.000000
-0.000000
-0.000000
-0.000000
-0.000000
-0.000000
-0.000000
-0.000000
-0.000000
-0.000000
-0.000000
-0.000000
-0.000000
-0.000000
-0.000000
-0.000000
-0.000000
-0.000000
-0.000000
-0.000000
-0.000000
-0.000000
-0.000000
-0.000000
-0.000000
-0.000000
-0.000000
-0.000000
-0.000000
-0.000000
-0.000000
-0.000000
-0.000000
-0.000000
-0.000000
-0.000000
-0.000000
-0.000000
-0.000000
-0.000000
-0.000000
-0.000000
-0.000000
-0.000000
-0.000000
-0.000000
-0.000000
-0.000000
-0.000000
-0.000000
-0.000000
-0.000000
-0.000000
-0.000000
-0.000000
-0.000000
-0.000000
-0.000000
-0.000000
-0.000000
-0.000000
-0.000000
-0.000000
-0.000000
-0.000000
-0.000000
-0.000000
-0.000000
-0.000000
-0.000000
-0.000000
-0.000000
-0.000000
-0.000000
-0.000000
-0.000000
-0.000000
-0.000000
-0.000000
-0.000000
-0.000000
-0.000000
-0.000000
-0.000000
-0.000000
-0.000000
-0.000000
-0.000000
-0.000000
-0.000000
-0.000000
-0.000000
-0.000000
-0.000000
-0.000000
-0.000000
-0.000000
-0.000000
-0.000000
-0.000000
-0.000000
-0.000000
-0.000000
-0.000000
-0.000000
-0.000000
-0.000000
-0.000000
-0.000000
-0.000000
-0.000000
-0.000000
-0.000000
-0.000000
-0.000000
-0.000000
-0.000000
-0.000000
-0.000000
-0.000000
-0.000000
-0.000000
-0.000000
-0.000000
-0.000000
-0.000000
-0.000000
-0.000000
-0.000000
-0.000000
-0.000000
-0.000000
-0.000000
-0.000000
-0.000000
-0.000000
-0.000000
-0.000000
-0.000000
-0.000000
-0.000000
-0.000000
-0.000000
-0.000000
-0.000000
-0.000000
-0.000000
-0.000000
-0.000000
-0.000000
-0.000000
-0.000000
-0.000000
-0.000000
-0.000000
-0.000000
-0.000000
-0.000000
-0.000000
-0.000000
-0.000000
-0.000000
-0.000000
-0.000000
-0.000000
-0.000000
-0.000000
-0.000000
-0.000000
-0.000000
-0.000000
-0.000000
-0.000000
-0.000000
-0.000000
-0.000000
-0.000000
-0.000000
-0.000000
-0.000000
-0.000000
-0.000000
-0.000000
-0.000000
-0.000000
-0.000000
-0.000000
-0.000000
-0.000000
-0.000000
-0.000000
-0.000000
-0.000000
-0.000000
-0.000000
-0.000000
-0.000000
-0.000000
-0.000000
-0.000000
-0.000000
-0.000000
-0.000000
-0.000000
-0.000000
-0.000000
-0.000000
-0.000000
-0.000000
-0.000000
-0.000000
-0.000000
-0.000000
-0.000000
-0.000000
-0.000000
-0.000000
-0.000000
-0.000000
-0.000000
-0.000000
-0.000000
-0.000000
-0.000000
-0.000000
-0.000000
-0.000000
-0.000000
-0.000000
-0.000000
-0.000000
-0.000000
-0.000000
-0.000000
-0.000000
-0.000000
-0.000000
-0.000000
-0.000000
-0.000000
-0.000000
-0.000000
-0.000000
-0.000000
-0.000000
-0.000000
-0.000000
-0.000000
-0.000000
-0.000000
-0.000000
-0.000000
-0.000000
-0.000000
-0.000000
-0.000000
-0.000000
-0.000000
-0.000000
-0.000000
-0.000000
-0.000000
-0.000000
-0.000000
-0.000000
-0.000000
-0.000000
-0.000000
-0.000000
-0.000000
-0.000000
-0.000000
-0.000000
-0.000000
-0.000000
-0.000000
-0.000000
-0.000000
-0.000000
-0.000000
-0.000000
-0.000000
-0.000000
-0.000000
-0.000000
-0.000000
-0.000000
-0.000000
-0.000000
-0.000000
-0.000000
-0.000000
-0.000000
-0.000000
-0.000000
-0.000000
-0.000000
-0.000000
-0.000000
-0.000000
-0.000000
-0.000000
-0.000000
-0.000000
-0.000000
-0.000000
-0.000000
-0.000000
-0.000000
-0.000000
-0.000000
-0.000000
-0.000000
-0.000000
-0.000000
-0.000000
-0.000000
-0.000000
-0.000000
-0.000000
-0.000000
-0.000000
-0.000000
-0.000000
-0.000000
-0.000000
-0.000000
-0.000000
-0.000000
-0.000000
-0.000000
-0.000000
-0.000000
-0.000000
-0.000000
-0.000000
-0.000000
-0.000000
-0.000000
-0.000000
-0.000000
-0.000000
-0.000000
-0.000000
-0.000000
-0.000000
-0.000000
-0.000000
-0.000000
-0.000000
-0.000000
-0.000000
-0.000000
-0.000000
-0.000000
-0.000000
-0.000000
-0.000000
-0.000000
-0.000000
-0.000000
-0.000000
-0.000000
-0.000000
-0.000000
-0.000000
-0.000000
-0.000000
-0.000000
-0.000000
-0.000000
-0.000000
-0.000000
-0.000000
-0.000000
-0.000000
-0.000000
-0.000000
-0.000000
-0.000000
-0.000000
-0.000000
-0.000000
-0.000000
-0.000000
-0.000000
-0.000000
-0.000000
-0.000000
-0.000000
-0.000000
-0.000000
-0.000000
-0.000000
-0.000000
-0.000000
-0.000000
-0.000000
-0.000000
-0.000000
-0.000000
-0.000000
-0.000000
-0.000000
-0.000000
-0.000000
-0.000000
-0.000000
-0.000000
-0.000000
-0.000000
-0.000000
-0.000000
-0.000000
-0.000000
-0.000000
-0.000000
-0.000000
-0.000000
-0.000000
-0.000000
-0.000000
-0.000000
-0.000000
-0.000000
-0.000000
-0.000000
-0.000000
-0.000000
-0.000000
-0.000000
-0.000000
-0.000000
-0.000000
-0.000000
-0.000000
-0.000000
-0.000000
-0.000000
-0.000000
-0.000000
-0.000000
-0.000000
-0.000000
-0.000000
-0.000000
-0.000000
-0.000000
-0.000000
-0.000000
-0.000000
-0.000000
-0.000000
-0.000000
-0.000000
-0.000000
-0.000000
-0.000000
-0.000000
-0.000000
-0.000000
-0.000000
-0.000000
-0.000000
-0.000000
-0.000000
-0.000000
-0.000000
-0.000000
-0.000000
-0.000000
-0.000000
-0.000000
-0.000000
-0.000000
-0.000000
-0.000000
-0.000000
-0.000000
-0.000000
-0.000000
-0.000000
-0.000000
-0.000000
-0.000000
-0.000000
-0.000000
-0.000000
-0.000000
-0.000000
-0.000000
-0.000000
-0.000000
-0.000000
-0.000000
-0.000000
-0.000000
-0.000000
-0.000000
-0.000000
-0.000000
-0.000000
-0.000000
-0.000000
-0.000000
-0.000000
-0.000000
-0.000000
-0.000000
-0.000000
-0.000000
-0.000000
-0.000000
-0.000000
-0.000000
-0.000000
-0.000000
-0.000000
-0.000000
-0.000000
-0.000000
-0.000000
-0.000000
-0.000000
-0.000000
-0.000000
-0.000000
-0.000000
-0.000000
-0.000000
-0.000000
-0.000000
-0.000000
-0.000000
-0.000000
-0.000000
-0.000000
-0.000000
-0.000000
-0.000000
-0.000000
-0.000000
-0.000000
-0.000000
-0.000000
-0.000000
-0.000000
-0.000000
-0.000000
-0.000000
-0.000000
-0.000000
-0.000000
-0.000000
-0.000000
-0.000000
-0.000000
-0.000000
-0.000000
-0.000000
-0.000000
-0.000000
-0.000000
-0.000000
-0.000000
-0.000000
-0.000000
-0.000000
-0.000000
-0.000000
-0.000000
-0.000000
-0.000000
-0.000000
-0.000000
-0.000000
-0.000000
-0.000000
-0.000000
-0.000000
-0.000000
-0.000000
-0.000000
-0.000000
-0.000000
-0.000000
-0.000000
-0.000000
-0.000000
-0.000000
-0.000000
-0.000000
-0.000000
-0.000000
-0.000000
-0.000000
-0.000000
-0.000000
-0.000000
-0.000000
-0.000000
-0.000000
-0.000000
-0.000000
-0.000000
-0.000000
-0.000000
-0.000000
-0.000000
-0.000000
-0.000000
-0.000000
-0.000000
-0.000000
-0.000000
-0.000000
-0.000000
-0.000000
-0.000000
-0.000000
-0.000000
-0.000000
-0.000000
-0.000000
-0.000000
-0.000000
-0.000000
-0.000000
-0.000000
-0.000000
-0.000000
-0.000000
-0.000000
-0.000000
-0.000000
-0.000000
-0.000000
-0.000000
-0.000000
-0.000000
-0.000000
-0.000000
-0.000000
-0.000000
-0.000000
-0.000000
-0.000000
-0.000000
-0.000000
-0.000000
-0.000000
-0.000000
-0.000000
-0.000000
-0.000000
-0.000000
-0.000000
-0.000000
-0.000000
-0.000000
-0.000000
-0.000000
-0.000000
-0.000000
-0.000000
-0.000000
-0.000000
-0.000000
-0.000000
-0.000000
-0.000000
-0.000000
-0.000000
-0.000000
-0.000000
-0.000000
-0.000000
-0.000000
-0.000000
-0.000000
-0.000000
-0.000000
-0.000000
-0.000000
-0.000000
-0.000000
-0.000000
-0.000000
-0.000000
-0.000000
-0.000000
-0.000000
-0.000000
-0.000000
-0.000000
-0.000000
-0.000000
-0.000000
-0.000000
-0.000000
-0.000000
-0.000000
-0.000000
-0.000000
-0.000000
-0.000000
-0.000000
-0.000000
-0.000000
-0.000000
-0.000000
-0.000000
-0.000000
-0.000000
-0.000000
-0.000000
-0.000000
-0.000000
-0.000000
-0.000000
-0.000000
-0.000000
-0.000000
-0.000000
-0.000000
-0.000000
-0.000000
-0.000000
-0.000000
-0.000000
-0.000000
-0.000000
-0.000000
-0.000000
-0.000000
-0.000000
-0.000000
-0.000000
-0.000000
-0.000000
-0.000000
-0.000000
-0.000000
-0.000000
-0.000000
-0.000000
-0.000000
-0.000000
-0.000000
-0.000000
-0.000000
-0.000000
-0.000000
-0.000000
-0.000000
-0.000000
-0.000000
-0.000000
-0.000000
-0.000000
-0.000000
-0.000000
-0.000000
-0.000000
-0.000000
-0.000000
-0.000000
-0.000000
-0.000000
-0.000000
-0.000000
-0.000000
-0.000000
-0.000000
-0.000000
-0.000000
-0.000000
-0.000000
-0.000000
-0.000000
-0.000000
-0.000000
-0.000000
-0.000000
-0.000000
-0.000000
-0.000000
-0.000000
-0.000000
-0.000000
-0.000000
-0.000000
-0.000000
-0.000000
-0.000000
-0.000000
-0.000000
-0.000000
-0.000000
-0.000000
-0.000000
-0.000000
-0.000000
-0.000000
-0.000000
-0.000000
-0.000000
-0.000000
-0.000000
-0.000000
-0.000000
-0.000000
-0.000000
-0.000000
-0.000000
-0.000000
-0.000000
-0.000000
-0.000000
-0.000000
-0.000000
-0.000000
-0.000000
-0.000000
-0.000000
-0.000000
-0.000000
-0.000000
-0.000000
-0.000000
-0.000000
-0.000000
-0.000000
-0.000000
-0.000000
-0.000000
-0.000000
-0.000000
-0.000000
-0.000000
-0.000000
-0.000000
-0.000000
-0.000000
-0.000000
-0.000000
-0.000000
-0.000000
-0.000000
-0.000000
-0.000000
-0.000000
-0.000000
-0.000000
-0.000000
-0.000000
-0.000000
-0.000000
-0.000000
-0.000000
-0.000000
-0.000000
-0.000000
-0.000000
-0.000000
-0.000000
-0.000000
-0.000000
-0.000000
-0.000000
-0.000000
-0.000000
-0.000000
-0.000000
-0.000000
-0.000000
-0.000000
-0.000000
-0.000000
-0.000000
-0.000000
-0.000000
-0.000000
-0.000000
-0.000000
-0.000000
-0.000000
-0.000000
-0.000000
-0.000000
-0.000000
-0.000000
-0.000000
-0.000000
-0.000000
-0.000000
-0.000000
-0.000000
-0.000000
-0.000000
-0.000000
-0.000000
-0.000000
-0.000000
-0.000000
-0.000000
-0.000000
-0.000000
-0.000000
-0.000000
-0.000000
-0.000000
-0.000000
-0.000000
-0.000000
-0.000000
-0.000000
-0.000000
-0.000000
-0.000000
-0.000000
-0.000000
-0.000000
-0.000000
-0.000000
-0.000000
-0.000000
-0.000000
-0.000000
-0.000000
-0.000000
-0.000000
-0.000000
-0.000000
-0.000000
-0.000000
-0.000000
-0.000000
-0.000000
-0.000000
-0.000000
-0.000000
-0.000000
-0.000000
-0.000000
-0.000000
-0.000000
-0.000000
-0.000000
-0.000000
-0.000000
-0.000000
-0.000000
