3.300000
3.300000
3.300000
3.300000
3.300000
3.300000
3.300000
3.300000
3.300000
3.300000
3.300000
3.300000
3.300000
3.300000
3.300000
3.300000
3.300000
3.300000
3.300000
3.300000
3.300000
3.300000
3.300000
3.300000
3.300000
3.300000
3.300000
3.300000
3.300000
3.300000
3.300000
3.300000
3.300000
3.300000
3.300000
3.300000
3.300000
3.300000
3.300000
3.300000
3.300000
3.300000
3.300000
3.300000
3.300000
3.300000
3.300000
3.300000
3.300000
3.300000
3.300000
3.300000
3.300000
3.300000
3.300000
3.300000
3.300000
3.300000
3.300000
3.300000
3.300000
3.300000
3.300000
3.300000
3.300000
3.300000
3.300000
3.300000
3.300000
3.300000
3.300000
3.300000
3.300000
3.300000
3.300000
3.300000
3.300000
3.300000
3.300000
3.300000
3.300000
3.300000
3.300000
3.300000
3.300000
3.300000
3.300000
3.300000
3.300000
3.300000
3.300000
3.300000
3.300000
3.300000
3.300000
3.300000
3.300226
3.432795
3.439859
3.444425
3.449144
3.451892
3.454259
3.457565
3.458873
3.461990
3.464144
3.465899
3.468259
3.469999
3.472000
3.473259
3.475156
3.476899
3.479000
3.480000
3.481000
3.483990
3.484999
3.486798
3.487990
3.489999
3.490998
3.491990
3.493999
3.494998
3.496000
3.498000
3.498998
3.500979
3.501578
3.502899
3.503517
3.392118
3.382246
3.380010
3.377422
3.376002
3.374000
3.373000
3.371000
3.370000
3.369422
3.369000
3.367021
3.367000
3.366101
3.366000
3.366000
3.365000
3.365000
3.365000
3.363000
3.363000
3.363000
3.363000
3.362000
3.362000
3.362000
3.362000
3.362000
3.360003
3.360000
3.360000
3.360000
3.360000
3.360000
3.360000
3.359010
3.359000
3.359000
3.359000
3.359000
3.359000
3.359000
3.359000
3.359000
3.359000
3.359000
3.359000
3.358000
3.358000
3.358000
3.358000
3.358000
3.358000
3.358000
3.358000
3.358000
3.358000
3.358000
3.358000
3.358000
3.358000
3.358000
3.358000
3.358000
3.358000
3.356000
3.356000
3.356000
3.356000
3.356000
3.356000
3.356000
3.356000
3.356000
3.356000
3.356000
3.356000
3.356000
3.356000
3.356000
3.356000
3.356000
3.356000
3.356000
3.356000
3.356000
3.356000
3.356000
3.356000
3.356000
3.356000
3.356000
3.356000
3.356000
3.356000
3.356000
3.356000
3.356000
3.356000
3.355000
3.355000
3.355000
3.355000
3.355000
3.355000
3.355000
3.355000
3.355000
3.355000
3.355000
3.355000
3.355000
3.355000
3.355000
3.355000
3.355000
3.355000
3.355000
3.355000
3.355000
3.355000
3.355000
3.355000
3.355000
3.355000
3.355000
3.355000
3.355000
3.355000
3.355000
3.355000
3.355000
3.355000
3.355000
3.355000
3.355000
3.355000
3.355000
3.355000
3.355000
3.355000
3.355000
3.355000
3.355000
3.355000
3.355000
3.355000
3.355000
3.355000
3.355000
3.355000
3.355000
3.355000
3.355000
3.355000
3.355000
3.355000
3.355000
3.355000
3.355000
3.355000
3.355000
3.355000
3.355000
3.355000
3.355000
3.355000
3.355000
3.355000
3.355000
3.355000
3.355000
3.355000
3.355000
3.354422
3.354901
3.354741
3.355000
3.354901
3.354731
3.354000
3.354000
3.354000
3.354000
3.354000
3.354000
3.354000
3.354000
3.354000
3.354000
3.354000
3.354000
3.354000
3.354000
3.354000
3.354000
3.354000
3.354000
3.354000
3.354000
3.354000
3.354000
3.354000
3.354000
3.354000
3.354000
3.354000
3.354000
3.354000
3.354000
3.354000
3.354000
3.354000
3.354000
3.354000
3.354000
3.354000
3.354000
3.354000
3.354000
3.354000
3.354000
3.354000
3.354000
3.354000
3.354000
3.354000
3.354000
3.354000
3.354000
3.354000
3.354000
3.354000
3.354000
3.354000
3.354000
3.354000
3.354000
3.354000
3.354000
3.354000
3.354000
3.354000
3.354000
3.354000
3.354000
3.354000
3.354000
3.354000
3.354000
3.354000
3.354000
3.354000
3.354000
3.354000
3.354000
3.354000
3.354000
3.354000
3.354000
3.354000
3.354000
3.354000
3.354000
3.354000
3.354000
3.354000
3.354000
3.354000
3.354000
3.354000
3.354000
3.354000
3.354000
3.354000
3.354000
3.354000
3.354000
3.354000
3.354000
3.354000
3.354000
3.354000
3.354000
3.354000
3.354000
3.354000
3.354000
3.354000
3.354000
3.354000
3.354000
3.354000
3.354000
3.354000
3.354000
3.354000
3.354000
3.354000
3.354000
3.354000
3.477925
3.484186
3.489127
3.491873
3.494990
3.497156
3.498998
3.501990
3.504156
3.505998
3.508979
3.509999
3.511997
3.513000
3.514000
3.516000
3.517990
3.519999
3.520998
3.521990
3.523999
3.524899
3.525517
3.527578
3.528000
3.529517
3.531000
3.532000
3.533000
3.535000
3.535899
3.536517
3.538000
3.538998
3.540000
3.541156
3.542000
3.543000
3.543999
3.545798
3.546259
3.547000
3.548997
3.549259
3.550000
3.550998
3.551517
3.553000
3.553998
3.554259
3.555000
3.556997
3.557000
3.558000
3.559798
3.560000
3.560999
3.561000
3.562000
3.562000
3.564000
3.564259
3.565000
3.565000
3.566000
3.567156
3.568000
3.568259
3.569000
3.569000
3.571000
3.571000
3.571899
3.572000
3.572000
3.573000
3.573000
3.573000
3.575000
3.575000
3.575578
3.576000
3.576000
3.576578
3.577000
3.577000
3.577000
3.579000
3.579000
3.579000
3.579998
3.580000
3.580000
3.580000
3.582000
3.582000
3.582000
3.582259
3.583000
3.583000
3.583000
3.583000
3.584000
3.584000
3.584000
3.584000
3.586000
3.586000
3.586000
3.586000
3.586999
3.587000
3.587000
3.587000
3.587000
3.588000
3.588000
3.588000
3.588000
3.589999
3.590000
3.590000
3.590000
3.590899
3.591000
3.591000
3.591000
3.591000
3.592156
3.593000
3.593000
3.593000
3.593000
3.594000
3.594000
3.594000
3.594000
3.594000
3.595000
3.595000
3.595000
3.595000
3.596979
3.597000
3.597000
3.597000
3.597000
3.597998
3.598000
3.598000
3.598000
3.598000
3.599000
3.599000
3.599000
3.599000
3.599000
3.601000
3.601000
3.601000
3.601000
3.601578
3.602000
3.602000
3.602000
3.602000
3.604000
3.604000
3.604000
3.604000
3.604000
3.605000
3.605000
3.605000
3.605000
3.605990
3.606000
3.606000
3.606000
3.606000
3.607798
3.608000
3.608000
3.608000
3.608000
3.609000
3.609000
3.609000
3.609000
3.609000
3.610000
3.610000
3.610000
3.610000
3.611156
3.612000
3.612000
3.612000
3.612000
3.613000
3.613000
3.613000
3.613000
3.613000
3.614798
3.615000
3.615000
3.615000
3.615259
3.616000
3.616000
3.616000
3.616000
3.616000
3.617000
3.617000
3.617000
3.617000
3.618156
3.619000
3.619000
3.619000
3.619000
3.619990
3.620000
3.620000
3.620000
3.620000
3.620998
3.621000
3.621000
3.621000
3.621000
3.623000
3.623000
3.623000
3.623000
3.623000
3.624000
3.624000
3.624000
3.624000
3.624578
3.625000
3.625000
3.625000
3.625000
3.625000
3.627000
3.627000
3.627000
3.627000
3.627899
3.628000
3.628000
3.628000
3.628000
3.629156
3.630000
3.630000
3.630000
3.630000
3.630990
3.631000
3.631000
3.631000
3.631000
3.632000
3.632000
3.632000
3.632000
3.632000
3.633999
3.634000
3.634000
3.634000
3.634899
3.635000
3.635000
3.635000
3.635000
3.635578
3.636000
3.636000
3.636000
3.636000
3.637979
3.638000
3.638000
3.638000
3.638000
3.638998
3.639000
3.639000
3.639000
3.639000
3.640999
3.641000
3.641000
3.641000
3.641000
3.642000
3.642000
3.642000
3.642000
3.642578
3.643000
3.643000
3.643000
3.643000
3.645000
3.645000
3.645000
3.645000
3.645000
3.645998
3.646000
3.646000
3.646000
3.646990
3.647000
3.647000
3.647000
3.628943
3.571138
3.568010
3.566001
3.565000
3.564000
3.562001
3.561101
3.560741
3.560000
3.558003
3.558000
3.557000
3.557000
3.555000
3.555000
3.554002
3.554000
3.554000
3.553000
3.553000
3.553000
3.551000
3.551000
3.551000
3.550101
3.550000
3.550000
3.550000
3.549010
3.549000
3.549000
3.549000
3.549000
3.547202
3.547000
3.547000
3.547000
3.547000
3.547000
3.546101
3.546000
3.546000
3.546000
3.546000
3.546000
3.546000
3.544021
3.544000
3.544000
3.544000
3.544000
3.544000
3.544000
3.544000
3.543002
3.543000
3.543000
3.543000
3.543000
3.543000
3.543000
3.543000
3.543000
3.543000
3.542000
3.542000
3.542000
3.542000
3.542000
3.542000
3.542000
3.542000
3.542000
3.542000
3.542000
3.542000
3.541483
3.540000
3.540000
3.540000
3.540000
3.540000
3.540000
3.540000
3.540000
3.540000
3.540000
3.540000
3.540000
3.540000
3.540000
3.539010
3.539000
3.539000
3.539000
3.539000
3.539000
3.539000
3.539000
3.539000
3.539000
3.539000
3.539000
3.539000
3.539000
3.539000
3.539000
3.538422
3.538002
3.538000
3.538000
3.538000
3.538000
3.538000
3.538000
3.538000
3.538000
3.538000
3.538000
3.538000
3.538000
3.538000
3.538000
3.538000
3.538000
3.538000
3.538000
3.538000
3.538000
3.536202
3.536000
3.536000
3.536000
3.536000
3.536000
3.536000
3.536000
3.536000
3.536000
3.536000
3.536000
3.536000
3.536000
3.536000
3.536000
3.536000
3.536000
3.536000
3.536000
3.536000
3.536000
3.536000
3.536000
3.536000
3.536000
3.535579
3.535000
3.535000
3.535000
3.535000
3.535000
3.535000
3.535000
3.535000
3.535000
3.535000
3.535000
3.535000
3.535000
3.535000
3.535000
3.535000
3.535000
3.535000
3.535000
3.535000
3.535000
3.535000
3.535000
3.535000
3.535000
3.535000
3.535000
3.535000
3.535000
3.535000
3.535000
3.535000
3.535000
3.533000
3.533000
3.533000
3.533000
3.533000
3.533000
3.533000
3.533000
3.533000
3.533000
3.533000
3.533000
3.533000
3.533000
3.533000
3.533000
3.533000
3.533000
3.533000
3.533000
3.533000
3.533000
3.533000
3.533000
3.533000
3.533000
3.533000
3.533000
3.533000
3.533000
3.533000
3.533000
3.533000
3.533000
3.533000
3.533000
3.533000
3.533000
3.533000
3.533000
3.533000
3.532579
3.532000
3.532000
3.532000
3.532000
3.532000
3.532000
3.532000
3.532000
3.532000
3.532000
3.532000
3.532000
3.532000
3.532000
3.532000
3.532000
3.532000
3.532000
3.532000
3.532000
3.532000
3.532000
3.532000
3.532000
3.532000
3.532000
3.532000
3.532000
3.532000
3.532000
3.532000
3.532000
3.532000
3.532000
3.532000
3.532000
3.532000
3.532000
3.532000
3.532000
3.532000
3.532000
3.532000
3.532000
3.532000
3.532000
3.532000
3.532000
3.532000
3.532000
3.532000
3.532000
3.532000
3.532000
3.532000
3.531741
3.532000
3.531899
3.531000
3.531000
3.531000
3.531000
3.531000
3.531000
3.531000
3.531000
3.531000
3.531000
3.531000
3.596323
3.616208
3.618999
3.620000
3.621517
3.623578
3.624899
3.626979
3.627578
3.629798
3.630259
3.631000
3.632000
3.633979
3.634000
3.634998
3.635990
3.636000
3.637997
3.638259
3.639000
3.639000
3.641000
3.641000
3.642000
3.642000
3.643000
3.643000
3.645000
3.645000
3.645899
3.646000
3.646000
3.646998
3.647000
3.648999
3.649000
3.649000
3.650000
3.650000
3.650000
3.652000
3.652000
3.652259
3.653000
3.653000
3.653259
3.654000
3.654000
3.654000
3.655999
3.656000
3.656000
3.656999
3.657000
3.657000
3.657000
3.658000
3.658000
3.658000
3.659798
3.660000
3.660000
3.660000
3.661000
3.661000
3.661000
3.661517
3.663000
3.663000
3.663000
3.663999
3.664000
3.664000
3.664000
3.664899
3.665000
3.665000
3.665000
3.667000
3.667000
3.667000
3.667000
3.668000
3.668000
3.668000
3.668578
3.669000
3.669000
3.669000
3.669000
3.671000
3.671000
3.671000
3.671990
3.672000
3.672000
3.672000
3.673156
3.674000
3.674000
3.674000
3.674998
3.675000
3.675000
3.675000
3.676000
3.676000
3.676000
3.676000
3.678000
3.678000
3.678000
3.678578
3.679000
3.679000
3.679000
3.679000
3.680000
3.680000
3.680000
3.681979
3.682000
3.682000
3.682000
3.682578
3.683000
3.683000
3.683000
3.684997
3.685000
3.685000
3.685000
3.686000
3.686000
3.686000
3.686259
3.687000
3.687000
3.687000
3.687000
3.689000
3.689000
3.689000
3.689899
3.690000
3.690000
3.690000
3.690990
3.691000
3.691000
3.691000
3.692999
3.693000
3.693000
3.693000
3.694000
3.694000
3.694000
3.694000
3.696000
3.696000
3.696000
3.696990
3.697000
3.697000
3.697000
3.697578
3.698000
3.698000
3.698000
3.700000
3.700000
3.700000
3.700000
3.701000
3.701000
3.701000
3.701990
3.702000
3.702000
3.702000
3.703156
3.704000
3.704000
3.704000
3.704998
3.705000
3.705000
3.705000
3.707000
3.707000
3.707000
3.707259
3.708000
3.708000
3.708000
3.709000
3.709000
3.709000
3.709000
3.710997
3.711000
3.711000
3.711899
3.712000
3.712000
3.712000
3.712990
3.713000
3.713000
3.713000
3.715000
3.715000
3.715000
3.715578
3.716000
3.716000
3.716000
3.716998
3.717000
3.717000
3.717000
3.719000
3.719000
3.719000
3.719259
3.720000
3.720000
3.720000
3.722000
3.722000
3.722000
3.722000
3.723000
3.723000
3.723000
3.723899
3.724000
3.724000
3.724000
3.726000
3.726000
3.726000
3.726259
3.727000
3.727000
3.727000
3.727999
3.728000
3.728000
3.728000
3.729997
3.730000
3.730000
3.730899
3.731000
3.731000
3.731000
3.731517
3.733000
3.733000
3.733000
3.734000
3.734000
3.734000
3.734000
3.735000
3.735000
3.735000
3.736997
3.737000
3.737000
3.737000
3.738000
3.738000
3.738000
3.738259
3.739000
3.739000
3.739000
3.740999
3.741000
3.741000
3.741000
3.741998
3.742000
3.742000
3.742000
3.744000
3.744000
3.744000
3.744259
3.745000
3.745000
3.745000
3.745999
3.746000
3.746000
3.746000
3.747997
3.748000
3.748000
3.748000
3.749000
3.749000
3.749000
3.749259
3.750000
3.750000
3.750000
3.751156
3.752000
3.752000
3.752000
3.752899
3.753000
3.753000
3.753000
3.754979
3.755000
3.755000
3.755000
3.756000
3.756000
3.703319
3.698001
3.696001
3.693741
3.691844
3.690101
3.689741
3.689000
3.687000
3.686010
3.686000
3.685000
3.685000
3.683000
3.683000
3.682010
3.682000
3.682000
3.680000
3.680000
3.680000
3.679000
3.679000
3.679000
3.678741
3.678000
3.678000
3.678000
3.678000
3.676000
3.676000
3.676000
3.676000
3.676000
3.675001
3.675000
3.675000
3.675000
3.675000
3.675000
3.675000
3.674000
3.674000
3.674000
3.674000
3.674000
3.674000
3.674000
3.673483
3.672000
3.672000
3.672000
3.672000
3.672000
3.672000
3.672000
3.672000
3.671741
3.671001
3.671000
3.671000
3.671000
3.671000
3.671000
3.671000
3.671000
3.671000
3.671000
3.671000
3.669000
3.669000
3.669000
3.669000
3.669000
3.669000
3.669000
3.669000
3.669000
3.669000
3.669000
3.669000
3.669000
3.669000
3.669000
3.668000
3.668000
3.668000
3.668000
3.668000
3.668000
3.668000
3.668000
3.668000
3.668000
3.668000
3.668000
3.668000
3.668000
3.668000
3.668000
3.668000
3.667000
3.667000
3.667000
3.667000
3.667000
3.667000
3.667000
3.667000
3.667000
3.667000
3.667000
3.667000
3.667000
3.667000
3.667000
3.667000
3.667000
3.667000
3.667000
3.667000
3.667000
3.665199
3.665000
3.665000
3.665000
3.665000
3.665000
3.665000
3.665000
3.665000
3.665000
3.665000
3.665000
3.665000
3.665000
3.665000
3.665000
3.665000
3.665000
3.665000
3.665000
3.665000
3.665000
3.665000
3.665000
3.665000
3.665000
3.664422
3.664000
3.664000
3.664000
3.664000
3.664000
3.664000
3.664000
3.664000
3.664000
3.664000
3.664000
3.664000
3.664000
3.664000
3.664000
3.664000
3.664000
3.664000
3.664000
3.664000
3.664000
3.664000
3.664000
3.664000
3.664000
3.664000
3.664000
3.664000
3.664000
3.664000
3.664000
3.664000
3.664000
3.664000
3.663000
3.663000
3.663000
3.663000
3.663000
3.663000
3.663000
3.663000
3.663000
3.663000
3.663000
3.663000
3.663000
3.663000
3.663000
3.663000
3.663000
3.663000
3.663000
3.663000
3.663000
3.663000
3.663000
3.663000
3.663000
3.663000
3.663000
3.663000
3.663000
3.663000
3.663000
3.663000
3.663000
3.663000
3.663000
3.663000
3.663000
3.663000
3.663000
3.663000
3.663000
3.663000
3.663000
3.663000
3.662801
3.661000
3.661000
3.661000
3.661000
3.661000
3.661000
3.661000
3.661000
3.661000
3.661000
3.661000
3.661000
3.661000
3.661000
3.661000
3.661000
3.661000
3.661000
3.661000
3.661000
3.661000
3.661000
3.661000
3.661000
3.661000
3.661000
3.661000
3.661000
3.661000
3.661000
3.661000
3.661000
3.661000
3.661000
3.661000
3.661000
3.661000
3.661000
3.661000
3.661000
3.661000
3.661000
3.661000
3.661000
3.661000
3.661000
3.661000
3.661000
3.661000
3.661000
3.661000
3.661000
3.661000
3.661000
3.661000
3.661000
3.661000
3.661000
3.660422
3.660002
3.660000
3.660421
3.660002
3.660000
3.660000
3.660000
3.660000
3.660000
3.660000
3.660000
3.660000
3.660000
3.674557
3.723561
3.726899
3.728517
3.730999
3.732997
3.734259
3.736156
3.737000
3.738000
3.739000
3.740997
3.741990
3.743156
3.744000
3.745000
3.746000
3.746000
3.748000
3.748578
3.749000
3.750000
3.751156
3.752000
3.752990
3.753000
3.754798
3.755000
3.755578
3.756000
3.756990
3.757000
3.758798
3.759000
3.759000
3.760000
3.760000
3.760999
3.761000
3.761517
3.763000
3.763000
3.764000
3.764000
3.764000
3.765979
3.766000
3.766000
3.767000
3.767000
3.767000
3.768000
3.768000
3.768000
3.768517
3.770000
3.770000
3.770000
3.771000
3.771000
3.771000
3.771000
3.771998
3.772000
3.772000
3.772000
3.774000
3.774000
3.774000
3.774000
3.775000
3.775000
3.775000
3.775000
3.776997
3.777000
3.777000
3.777000
3.777259
3.778000
3.778000
3.778000
3.778000
3.779000
3.779000
3.779000
3.779000
3.779517
3.781000
3.781000
3.781000
3.781000
3.782000
3.782000
3.782000
3.782000
3.782000
3.783000
3.783000
3.783000
3.783000
3.783000
3.785000
3.785000
3.785000
3.785000
3.785000
3.786000
3.786000
3.786000
3.786000
3.786000
3.788000
3.788000
3.788000
3.788000
3.788000
3.788990
3.789000
3.789000
3.789000
3.789000
3.789000
3.790000
3.790000
3.790000
3.790000
3.790000
3.790000
3.792000
3.792000
3.792000
3.792000
3.792000
3.792899
3.793000
3.793000
3.793000
3.793000
3.793000
3.793899
3.794000
3.794000
3.794000
3.794000
3.794000
3.794000
3.796000
3.796000
3.796000
3.796000
3.796000
3.796000
3.797000
3.797000
3.797000
3.797000
3.797000
3.797000
3.797517
3.799000
3.799000
3.799000
3.799000
3.799000
3.799000
3.799000
3.800000
3.800000
3.800000
3.800000
3.800000
3.800000
3.800000
3.801000
3.801000
3.801000
3.801000
3.801000
3.801000
3.801000
3.802156
3.803000
3.803000
3.803000
3.803000
3.803000
3.803000
3.803000
3.804000
3.804000
3.804000
3.804000
3.804000
3.804000
3.804000
3.804000
3.805000
3.805000
3.805000
3.805000
3.805000
3.805000
3.805000
3.805000
3.806999
3.807000
3.807000
3.807000
3.807000
3.807000
3.807000
3.807000
3.807259
3.808000
3.808000
3.808000
3.808000
3.808000
3.808000
3.808000
3.808000
3.809979
3.810000
3.810000
3.810000
3.810000
3.810000
3.810000
3.810000
3.810000
3.810990
3.811000
3.811000
3.811000
3.811000
3.811000
3.811000
3.811000
3.811000
3.811000
3.811999
3.812000
3.812000
3.812000
3.812000
3.812000
3.812000
3.812000
3.812000
3.812000
3.814000
3.814000
3.814000
3.814000
3.814000
3.814000
3.814000
3.814000
3.814000
3.814000
3.814990
3.815000
3.815000
3.815000
3.815000
3.815000
3.815000
3.815000
3.815000
3.815000
3.815000
3.815000
3.816000
3.816000
3.816000
3.816000
3.816000
3.816000
3.816000
3.816000
3.816000
3.816000
3.816000
3.817997
3.818000
3.818000
3.818000
3.818000
3.818000
3.818000
3.818000
3.818000
3.818000
3.818000
3.818000
3.818000
3.819000
3.819000
3.819000
3.819000
3.819000
3.819000
3.819000
3.819000
3.819000
3.819000
3.819000
3.819000
3.819990
3.820000
3.820000
3.820000
3.820000
3.820000
3.820000
3.820000
3.820000
3.820000
3.820000
3.820000
3.820000
3.820000
3.820000
3.822000
3.788005
3.785101
3.783021
3.783000
3.782000
3.781741
3.781000
3.779202
3.779000
3.779000
3.778000
3.778000
3.778000
3.777000
3.777000
3.777000
3.777000
3.775000
3.775000
3.775000
3.775000
3.775000
3.774002
3.774000
3.774000
3.774000
3.774000
3.774000
3.774000
3.772021
3.772000
3.772000
3.772000
3.772000
3.772000
3.772000
3.772000
3.772000
3.772000
3.771001
3.771000
3.771000
3.771000
3.771000
3.771000
3.771000
3.771000
3.771000
3.771000
3.771000
3.771000
3.771000
3.771000
3.770741
3.770000
3.770000
3.770000
3.770000
3.770000
3.770000
3.770000
3.770000
3.770000
3.770000
3.770000
3.770000
3.770000
3.770000
3.770000
3.770000
3.770000
3.770000
3.770000
3.768199
3.768000
3.768000
3.768000
3.768000
3.768000
3.768000
3.768000
3.768000
3.768000
3.768000
3.768000
3.768000
3.768000
3.768000
3.768000
3.768000
3.768000
3.768000
3.768000
3.768000
3.768000
3.768000
3.768000
3.768000
3.767741
3.767000
3.767000
3.767000
3.767000
3.767000
3.767000
3.767000
3.767000
3.767000
3.767000
3.767000
3.767000
3.767000
3.767000
3.767000
3.767000
3.767000
3.767000
3.767000
3.767000
3.767000
3.767000
3.767000
3.767000
3.767000
3.767000
3.767000
3.767000
3.767000
3.767000
3.767000
3.767000
3.767000
3.766579
3.766000
3.766010
3.766000
3.766000
3.766000
3.766000
3.766000
3.766000
3.766000
3.766000
3.766000
3.766000
3.766000
3.766000
3.766000
3.766000
3.766000
3.766000
3.766000
3.766000
3.766000
3.766000
3.766000
3.766000
3.766000
3.766000
3.766000
3.766000
3.766000
3.766000
3.766000
3.766000
3.766000
3.766000
3.766000
3.766000
3.766000
3.766000
3.766000
3.766000
3.766000
3.766000
3.766000
3.766000
3.766000
3.766000
3.766000
3.766000
3.766000
3.764000
3.764000
3.764000
3.764000
3.764000
3.764000
3.764000
3.764000
3.764000
3.764000
3.764000
3.764000
3.764000
3.764000
3.764000
3.764000
3.764000
3.764000
3.764000
3.764000
3.764000
3.764000
3.764000
3.764000
3.764000
3.764000
3.764000
3.764000
3.764000
3.764000
3.764000
3.764000
3.764000
3.764000
3.764000
3.764000
3.764000
3.764000
3.764000
3.764000
3.764000
3.764000
3.764000
3.764000
3.764000
3.764000
3.764000
3.764000
3.764000
3.764000
3.764000
3.764000
3.764000
3.764000
3.764000
3.764000
3.764000
3.764000
3.764000
3.764000
3.764000
3.764000
3.764000
3.764000
3.764000
3.764000
3.764000
3.763579
3.763899
3.764000
3.763579
3.763899
3.763010
3.763000
3.763000
3.763000
3.763000
3.763000
3.763000
3.763000
3.763000
3.763000
3.763000
3.763000
3.763000
3.763000
3.763000
3.763000
3.763000
3.763000
3.763000
3.763000
3.763000
3.763000
3.763000
3.763000
3.763000
3.763000
3.763000
3.763000
3.763000
3.763000
3.763000
3.763000
3.763000
3.763000
3.763000
3.763000
3.763000
3.763000
3.763000
3.763000
3.763000
3.763000
3.763000
3.763000
3.763000
3.763000
3.763000
3.799879
3.801517
3.803999
3.804998
3.806979
3.807000
3.808000
3.809979
3.810000
3.810998
3.811000
3.812000
3.812000
3.814000
3.814000
3.814000
3.815000
3.815000
3.815899
3.816000
3.816000
3.817798
3.818000
3.818000
3.818000
3.818990
3.819000
3.819000
3.819000
3.819999
3.820000
3.820000
3.820000
3.820000
3.821979
3.822000
3.822000
3.822000
3.822000
3.822000
3.822990
3.823000
3.823000
3.823000
3.823000
3.823000
3.823000
3.824156
3.825000
3.825000
3.825000
3.825000
3.825000
3.825000
3.825000
3.825000
3.825000
3.825000
3.826000
3.826000
3.826000
3.826000
3.826000
3.826000
3.826000
3.826000
3.826000
3.826000
3.826000
3.826000
3.826259
3.827000
3.827000
3.827000
3.827000
3.827000
3.827000
3.827000
3.827000
3.827000
3.827000
3.827000
3.827000
3.827000
3.827000
3.827000
3.827000
3.828798
3.829000
3.829000
3.829000
3.829000
3.829000
3.829000
3.829000
3.829000
3.829000
3.829000
3.829000
3.829000
3.829000
3.829000
3.829000
3.829000
3.829000
3.829000
3.829000
3.829578
3.830000
3.830000
3.830000
3.830000
3.830000
3.830000
3.830000
3.830000
3.830000
3.830000
3.830000
3.830000
3.830000
3.830000
3.830000
3.830000
3.830000
3.830000
3.830000
3.830000
3.830000
3.830000
3.831000
3.831000
3.831000
3.831000
3.831000
3.831000
3.831000
3.831000
3.831000
3.831000
3.831000
3.831000
3.831000
3.831000
3.831000
3.831000
3.831000
3.831000
3.831000
3.831000
3.831000
3.831000
3.831000
3.831000
3.833000
3.833000
3.833000
3.833000
3.833000
3.833000
3.833000
3.833000
3.833000
3.833000
3.833000
3.833000
3.833000
3.833000
3.833000
3.833000
3.833000
3.833000
3.833000
3.833000
3.833000
3.833000
3.833000
3.833000
3.833000
3.834000
3.834000
3.834000
3.834000
3.834000
3.834000
3.834000
3.834000
3.834000
3.834000
3.834000
3.834000
3.834000
3.834000
3.834000
3.834000
3.834000
3.834000
3.834000
3.834000
3.834000
3.834000
3.834000
3.834000
3.834000
3.836000
3.836000
3.836000
3.836000
3.836000
3.836000
3.836000
3.836000
3.836000
3.836000
3.836000
3.836000
3.836000
3.836000
3.836000
3.836000
3.836000
3.836000
3.836000
3.836000
3.836000
3.836000
3.836000
3.836000
3.837000
3.837000
3.837000
3.837000
3.837000
3.837000
3.837000
3.837000
3.837000
3.837000
3.837000
3.837000
3.837000
3.837000
3.837000
3.837000
3.837000
3.837000
3.837000
3.837000
3.837000
3.837000
3.837000
3.837000
3.837000
3.838000
3.838000
3.838000
3.838000
3.838000
3.838000
3.838000
3.838000
3.838000
3.838000
3.838000
3.838000
3.838000
3.838000
3.838000
3.838000
3.838000
3.838000
3.838000
3.838000
3.838000
3.838000
3.840000
3.840000
3.840000
3.840000
3.840000
3.840000
3.840000
3.840000
3.840000
3.840000
3.840000
3.840000
3.840000
3.840000
3.840000
3.840000
3.840000
3.840000
3.840000
3.840000
3.840000
3.840000
3.841000
3.841000
3.841000
3.841000
3.841000
3.841000
3.841000
3.841000
3.841000
3.841000
3.841000
3.841000
3.841000
3.841000
3.841000
3.841000
3.841000
3.841000
3.841000
3.841000
3.841000
3.841899
3.842000
3.842000
3.842000
3.842000
3.842000
3.811178
3.808021
3.807000
3.805000
3.804000
3.803000
3.801003
3.800741
3.800000
3.800000
3.799000
3.799000
3.797000
3.797000
3.796422
3.796000
3.796000
3.796000
3.794202
3.794000
3.794000
3.794000
3.794000
3.793001
3.793000
3.793000
3.793000
3.793000
3.793000
3.793000
3.792000
3.792000
3.792000
3.792000
3.792000
3.792000
3.792000
3.792000
3.792000
3.792000
3.792000
3.790842
3.790000
3.790000
3.790000
3.790000
3.790000
3.790000
3.790000
3.790000
3.790000
3.790000
3.790000
3.790000
3.790000
3.790000
3.790000
3.790000
3.790000
3.790000
3.789002
3.789000
3.789000
3.789000
3.789000
3.789000
3.789000
3.789000
3.789000
3.789000
3.789000
3.789000
3.789000
3.789000
3.789000
3.789000
3.789000
3.789000
3.789000
3.789000
3.789000
3.789000
3.789000
3.789000
3.789000
3.789000
3.789000
3.789000
3.789000
3.789000
3.789000
3.789000
3.789000
3.789000
3.789000
3.788421
3.788000
3.788000
3.788000
3.788000
3.788000
3.788000
3.788000
3.788000
3.788000
3.788000
3.788000
3.788000
3.788000
3.788000
3.788000
3.788000
3.788000
3.788000
3.788000
3.788000
3.788000
3.788000
3.788000
3.788000
3.788000
3.788000
3.788000
3.788000
3.788000
3.788000
3.788000
3.788000
3.788000
3.788000
3.788000
3.788000
3.788000
3.788000
3.788000
3.788000
3.788000
3.788000
3.788000
3.788000
3.788000
3.788000
3.788000
3.788000
3.788000
3.788000
3.788000
3.788000
3.788000
3.788000
3.788000
3.788000
3.788000
3.788000
3.788000
3.788000
3.788000
3.788000
3.788000
3.788000
3.788000
3.788000
3.788000
3.788000
3.788000
3.788000
3.788000
3.788000
3.788000
3.788000
3.786842
3.786003
3.786000
3.786000
3.787997
3.786000
3.786000
3.786000
3.786000
3.786000
3.786000
3.786000
3.786000
3.786000
3.786000
3.786000
3.786000
3.786000
3.786000
3.786000
3.786000
3.786000
3.786000
3.786000
3.786000
3.786000
3.786000
3.786000
3.786000
3.786000
3.786000
3.786000
3.786000
3.786000
3.786000
3.786000
3.786000
3.786000
3.786000
3.786000
3.786000
3.786000
3.786000
3.786000
3.786000
3.786000
3.786000
3.786000
3.786000
3.786000
3.786000
3.786000
3.786000
3.786000
3.786000
3.786000
3.786000
3.786000
3.786000
3.786000
3.786000
3.786000
3.786000
3.786000
3.786000
3.786000
3.786000
3.786000
3.786000
3.786000
3.786000
3.786000
3.786000
3.786000
3.786000
3.786000
3.786000
3.786000
3.786000
3.786000
3.786000
3.786000
3.786000
3.786000
3.786000
3.786000
3.786000
3.786000
3.786000
3.786000
3.786000
3.786000
3.786000
3.786000
3.786000
3.786000
3.786000
3.786000
3.786000
3.786000
3.786000
3.786000
3.786000
3.786000
3.786000
3.786000
3.786000
3.786000
3.786000
3.786000
3.786000
3.786000
3.786000
3.786000
3.786000
3.786000
3.786000
3.786000
3.786000
3.786000
3.786000
3.786000
3.786000
3.786000
3.786000
3.786000
3.786000
3.786000
3.786000
3.786000
3.786000
3.818259
3.819999
3.821997
3.822990
3.824999
3.825899
3.826000
3.827000
3.828997
3.829259
3.830000
3.830000
3.831000
3.831000
3.833000
3.833259
3.834000
3.834000
3.835979
3.836000
3.836000
3.836259
3.837000
3.837000
3.837000
3.837999
3.838000
3.838000
3.838000
3.838000
3.840000
3.840000
3.840000
3.840000
3.840000
3.840000
3.840990
3.841000
3.841000
3.841000
3.841000
3.841000
3.841000
3.841000
3.841000
3.842000
3.842000
3.842000
3.842000
3.842000
3.842000
3.842000
3.842000
3.842000
3.842000
3.843156
3.844000
3.844000
3.844000
3.844000
3.844000
3.844000
3.844000
3.844000
3.844000
3.844000
3.844000
3.844578
3.845000
3.845000
3.845000
3.845000
3.845000
3.845000
3.845000
3.845000
3.845000
3.845000
3.845000
3.845000
3.845000
3.845000
3.847000
3.847000
3.847000
3.847000
3.847000
3.847000
3.847000
3.847000
3.847000
3.847000
3.847000
3.847000
3.847000
3.847000
3.848000
3.848000
3.848000
3.848000
3.848000
3.848000
3.848000
3.848000
3.848000
3.848000
3.848000
3.848000
3.848000
3.848000
3.848899
3.849000
3.849000
3.849000
3.849000
3.849000
3.849000
3.849000
3.849000
3.849000
3.849000
3.849000
3.849000
3.849000
3.849000
3.850997
3.851000
3.851000
3.851000
3.851000
3.851000
3.851000
3.851000
3.851000
3.851000
3.851000
3.851000
3.851000
3.851000
3.851000
3.851000
3.852000
3.852000
3.852000
3.852000
3.852000
3.852000
3.852000
3.852000
3.852000
3.852000
3.852000
3.852000
3.852000
3.852000
3.852000
3.852259
3.853000
3.853000
3.853000
3.853000
3.853000
3.853000
3.853000
3.853000
3.853000
3.853000
3.853000
3.853000
3.853000
3.853000
3.853000
3.855000
3.855000
3.855000
3.855000
3.855000
3.855000
3.855000
3.855000
3.855000
3.855000
3.855000
3.855000
3.855000
3.855000
3.855000
3.856000
3.856000
3.856000
3.856000
3.856000
3.856000
3.856000
3.856000
3.856000
3.856000
3.856000
3.856000
3.856000
3.856000
3.856000
3.857999
3.858000
3.858000
3.858000
3.858000
3.858000
3.858000
3.858000
3.858000
3.858000
3.858000
3.858000
3.858000
3.858000
3.858000
3.858000
3.859000
3.859000
3.859000
3.859000
3.859000
3.859000
3.859000
3.859000
3.859000
3.859000
3.859000
3.859000
3.859000
3.859000
3.859000
3.859901
3.860000
3.860000
3.860000
3.860000
3.860000
3.860000
3.860000
3.860000
3.860000
3.860000
3.860000
3.860000
3.860000
3.860000
3.860000
3.860538
3.862000
3.862000
3.862000
3.862000
3.862000
3.862000
3.862000
3.862000
3.862000
3.862000
3.862000
3.862000
3.862000
3.862000
3.862269
3.863000
3.863000
3.863000
3.863000
3.863000
3.863000
3.863000
3.863000
3.863000
3.863000
3.863000
3.863000
3.863000
3.863000
3.863259
3.864000
3.864000
3.864000
3.864000
3.864000
3.864000
3.864000
3.864000
3.864000
3.864000
3.864000
3.864000
3.864000
3.864000
3.866000
3.866000
3.866000
3.866000
3.866000
3.866000
3.866000
3.866000
3.866000
3.866000
3.866000
3.866000
3.866000
3.866000
3.866899
3.867000
3.867000
3.867000
3.867000
3.867000
3.867000
3.867000
3.867000
3.867000
3.867000
3.867000
3.867000
3.867000
3.867000
3.869000
3.852183
3.836422
3.834202
3.833010
3.831844
3.831000
3.830010
3.830000
3.829000
3.828483
3.827000
3.827000
3.826000
3.826000
3.825101
3.825000
3.825000
3.823003
3.823000
3.823000
3.822101
3.822000
3.822000
3.822000
3.820000
3.820000
3.820000
3.820000
3.820000
3.819000
3.819000
3.819000
3.819000
3.819000
3.818000
3.818000
3.818000
3.818000
3.818000
3.817483
3.816000
3.816000
3.816000
3.816000
3.816000
3.816000
3.815000
3.815000
3.815000
3.815000
3.815000
3.815000
3.815000
3.814002
3.814000
3.814000
3.814000
3.814000
3.814000
3.814000
3.813483
3.812000
3.812000
3.812000
3.812000
3.812000
3.812000
3.812000
3.812000
3.811731
3.811000
3.811000
3.811000
3.811000
3.811000
3.811000
3.811000
3.811000
3.811000
3.810001
3.810000
3.810000
3.810000
3.810000
3.810000
3.810000
3.810000
3.810000
3.810000
3.810000
3.810000
3.808000
3.808000
3.808000
3.808000
3.808000
3.808000
3.808000
3.808000
3.808000
3.808000
3.808000
3.808000
3.808000
3.808000
3.807010
3.807000
3.807000
3.807000
3.807000
3.807000
3.807000
3.807000
3.807000
3.807000
3.807000
3.807000
3.807000
3.807000
3.807000
3.807000
3.807000
3.807000
3.807000
3.807000
3.805003
3.805000
3.805000
3.805000
3.805000
3.805000
3.805000
3.805000
3.805000
3.805000
3.805000
3.805000
3.805000
3.805000
3.805000
3.805000
3.805000
3.805000
3.805000
3.805000
3.805000
3.805000
3.805000
3.805000
3.805000
3.805000
3.805000
3.804101
3.804010
3.804001
3.804000
3.804000
3.804000
3.804000
3.804000
3.804000
3.804000
3.804000
3.804000
3.804000
3.804000
3.804000
3.804000
3.804000
3.804000
3.804000
3.804000
3.804000
3.804000
3.804000
3.804000
3.804000
3.804000
3.804000
3.804000
3.804000
3.804000
3.804000
3.804000
3.804000
3.804000
3.804000
3.804000
3.804000
3.804000
3.804000
3.804000
3.804000
3.804000
3.804000
3.804000
3.804000
3.804000
3.803269
3.803000
3.803000
3.803000
3.803000
3.803000
3.803000
3.803000
3.803000
3.803000
3.803000
3.803000
3.803000
3.803000
3.803000
3.803000
3.803000
3.803000
3.803000
3.803000
3.803000
3.803000
3.803000
3.803000
3.803000
3.803000
3.803000
3.803000
3.803000
3.803000
3.803000
3.803000
3.803000
3.803000
3.803000
3.803000
3.803000
3.803000
3.803000
3.803000
3.803000
3.803000
3.803000
3.803000
3.803000
3.803000
3.803000
3.803000
3.803000
3.803000
3.803000
3.803000
3.803000
3.803000
3.803000
3.803000
3.803000
3.803000
3.803000
3.803000
3.803000
3.803000
3.803000
3.803000
3.803000
3.803000
3.803000
3.803000
3.803000
3.802483
3.802158
3.803000
3.801021
3.801001
3.801003
3.801021
3.801000
3.801000
3.801000
3.801000
3.801000
3.801000
3.801000
3.801000
3.801000
3.801000
3.801000
3.801000
3.801000
3.801000
3.801000
3.801000
3.801000
3.801000
3.801000
3.801000
3.801000
3.801000
3.801000
3.801000
3.801000
3.801000
3.801000
3.832103
3.835789
3.836990
3.839156
3.840899
3.841990
3.843999
3.844899
3.845517
3.847000
3.848000
3.849000
3.850999
3.851000
3.852000
3.852578
3.853000
3.854979
3.855000
3.855998
3.856000
3.857999
3.858000
3.858259
3.859000
3.859000
3.859259
3.860000
3.860000
3.861979
3.862000
3.862000
3.862000
3.862999
3.863000
3.863000
3.863000
3.863998
3.864000
3.864000
3.864000
3.864000
3.865156
3.866000
3.866000
3.866000
3.866000
3.866000
3.867000
3.867000
3.867000
3.867000
3.867000
3.867000
3.867000
3.869000
3.869000
3.869000
3.869000
3.869000
3.869000
3.869000
3.870000
3.870000
3.870000
3.870000
3.870000
3.870000
3.870000
3.870000
3.870901
3.871000
3.871000
3.871000
3.871000
3.871000
3.871000
3.871000
3.872156
3.873000
3.873000
3.873000
3.873000
3.873000
3.873000
3.873000
3.873000
3.873578
3.874000
3.874000
3.874000
3.874000
3.874000
3.874000
3.874000
3.874000
3.874578
3.875000
3.875000
3.875000
3.875000
3.875000
3.875000
3.875000
3.875000
3.875000
3.877000
3.877000
3.877000
3.877000
3.877000
3.877000
3.877000
3.877000
3.877000
3.877000
3.878000
3.878000
3.878000
3.878000
3.878000
3.878000
3.878000
3.878000
3.878000
3.878517
3.880000
3.880000
3.880000
3.880000
3.880000
3.880000
3.880000
3.880000
3.880000
3.880578
3.881000
3.881000
3.881000
3.881000
3.881000
3.881000
3.881000
3.881000
3.881000
3.882000
3.882000
3.882000
3.882000
3.882000
3.882000
3.882000
3.882000
3.882000
3.882000
3.884000
3.884000
3.884000
3.884000
3.884000
3.884000
3.884000
3.884000
3.884000
3.885000
3.885000
3.885000
3.885000
3.885000
3.885000
3.885000
3.885000
3.885000
3.885000
3.886000
3.886000
3.886000
3.886000
3.886000
3.886000
3.886000
3.886000
3.886000
3.886000
3.888000
3.888000
3.888000
3.888000
3.888000
3.888000
3.888000
3.888000
3.888000
3.888899
3.889000
3.889000
3.889000
3.889000
3.889000
3.889000
3.889000
3.889000
3.889000
3.890979
3.891000
3.891000
3.891000
3.891000
3.891000
3.891000
3.891000
3.891000
3.891259
3.892000
3.892000
3.892000
3.892000
3.892000
3.892000
3.892000
3.892000
3.892000
3.893000
3.893000
3.893000
3.893000
3.893000
3.893000
3.893000
3.893000
3.893000
3.894999
3.895000
3.895000
3.895000
3.895000
3.895000
3.895000
3.895000
3.895000
3.895578
3.896000
3.896000
3.896000
3.896000
3.896000
3.896000
3.896000
3.896000
3.896000
3.897000
3.897000
3.897000
3.897000
3.897000
3.897000
3.897000
3.897000
3.897000
3.898997
3.899000
3.899000
3.899000
3.899000
3.899000
3.899000
3.899000
3.899000
3.899998
3.900000
3.900000
3.900000
3.900000
3.900000
3.900000
3.900000
3.900000
3.901798
3.902000
3.902000
3.902000
3.902000
3.902000
3.902000
3.902000
3.902000
3.902998
3.903000
3.903000
3.903000
3.903000
3.903000
3.903000
3.903000
3.903000
3.903998
3.904000
3.904000
3.904000
3.904000
3.904000
3.904000
3.904000
3.904000
3.906000
3.906000
3.906000
3.906000
3.906000
3.906000
3.906000
3.906000
3.906578
3.907000
3.907000
3.907000
3.907000
3.907000
3.907000
3.907000
3.907000
3.907999
3.908000
3.908000
3.892412
3.878202
3.877010
3.877000
3.875000
3.874010
3.874000
3.873000
3.873000
3.871000
3.871000
3.870741
3.870000
3.870000
3.869741
3.869000
3.869000
3.869000
3.869000
3.867000
3.867000
3.867000
3.867000
3.867000
3.866000
3.866000
3.866000
3.866000
3.866000
3.866000
3.866000
3.864003
3.864000
3.864000
3.864000
3.864000
3.864000
3.864000
3.864000
3.864000
3.863000
3.863000
3.863000
3.863000
3.863000
3.863000
3.863000
3.863000
3.863000
3.863000
3.863000
3.863000
3.862002
3.862000
3.862000
3.862000
3.862000
3.862000
3.862000
3.862000
3.862000
3.862000
3.862000
3.862000
3.862000
3.862000
3.861158
3.860000
3.860000
3.860000
3.860000
3.860000
3.860000
3.860000
3.860000
3.860000
3.860000
3.860000
3.860000
3.860000
3.860000
3.860000
3.860000
3.859010
3.859001
3.859000
3.859000
3.859000
3.859000
3.859000
3.859000
3.859000
3.859000
3.859000
3.859000
3.859000
3.859000
3.859000
3.859000
3.859000
3.859000
3.859000
3.859000
3.858000
3.858000
3.858000
3.858000
3.858000
3.858000
3.858000
3.858000
3.858000
3.858000
3.858000
3.858000
3.858000
3.858000
3.858000
3.858000
3.858000
3.858000
3.858000
3.856021
3.856000
3.856000
3.856000
3.856000
3.856000
3.856000
3.856000
3.856000
3.856000
3.856000
3.856000
3.856000
3.856000
3.856000
3.856000
3.856000
3.856000
3.856000
3.856000
3.856000
3.856000
3.855001
3.855000
3.855000
3.855000
3.855000
3.855000
3.855000
3.855000
3.855000
3.855000
3.855000
3.855000
3.855000
3.855000
3.855000
3.855000
3.855000
3.855000
3.855000
3.855000
3.855000
3.855000
3.854801
3.853000
3.853000
3.853000
3.853000
3.853000
3.853000
3.853000
3.853000
3.853000
3.853000
3.853000
3.853000
3.853000
3.853000
3.853000
3.853000
3.853000
3.853000
3.853000
3.853000
3.853000
3.852269
3.852421
3.852000
3.852000
3.852000
3.852000
3.852000
3.852000
3.852000
3.852000
3.852000
3.852000
3.852000
3.852000
3.852000
3.852000
3.852000
3.852000
3.852000
3.852000
3.852000
3.852000
3.852000
3.852000
3.851010
3.851000
3.851000
3.851000
3.851000
3.851000
3.851000
3.851000
3.851000
3.851000
3.851000
3.851000
3.851000
3.851000
3.851000
3.851000
3.851000
3.851000
3.851000
3.851000
3.851000
3.851000
3.851000
3.849003
3.849000
3.849000
3.849000
3.849000
3.849000
3.849000
3.849000
3.849000
3.849000
3.849000
3.849000
3.849000
3.849000
3.849000
3.849000
3.849000
3.849000
3.849000
3.849000
3.849000
3.849000
3.848741
3.848001
3.848000
3.848000
3.848000
3.848000
3.848000
3.848000
3.848000
3.848000
3.848000
3.848000
3.848000
3.848000
3.848000
3.848000
3.848000
3.848000
3.848000
3.848000
3.848000
3.848000
3.848000
3.848000
3.848000
3.847000
3.847000
3.847000
3.847000
3.847000
3.847000
3.847000
3.847000
3.847000
3.847000
3.847000
3.847000
3.847000
3.847000
3.847000
3.847000
3.847000
3.847000
3.847000
3.872103
3.878517
3.881569
3.883798
3.884990
3.886000
3.888000
3.889517
3.891000
3.892000
3.893000
3.894156
3.895000
3.895990
3.896000
3.896998
3.897000
3.899000
3.899000
3.900000
3.900000
3.900000
3.902000
3.902000
3.902000
3.903000
3.903000
3.903000
3.904000
3.904000
3.904000
3.904000
3.906000
3.906000
3.906000
3.906000
3.907000
3.907000
3.907000
3.907000
3.907000
3.908000
3.908000
3.908000
3.908000
3.908000
3.909979
3.910000
3.910000
3.910000
3.910000
3.910000
3.911000
3.911000
3.911000
3.911000
3.911000
3.911000
3.912979
3.913000
3.913000
3.913000
3.913000
3.913000
3.913259
3.914000
3.914000
3.914000
3.914000
3.914000
3.914000
3.914999
3.915000
3.915000
3.915000
3.915000
3.915000
3.915000
3.916997
3.917000
3.917000
3.917000
3.917000
3.917000
3.917000
3.918000
3.918000
3.918000
3.918000
3.918000
3.918000
3.918000
3.918578
3.919000
3.919000
3.919000
3.919000
3.919000
3.919000
3.919000
3.921000
3.921000
3.921000
3.921000
3.921000
3.921000
3.921259
3.922000
3.922000
3.922000
3.922000
3.922000
3.922000
3.922000
3.923000
3.923000
3.923000
3.923000
3.923000
3.923000
3.924798
3.925000
3.925000
3.925000
3.925000
3.925000
3.925000
3.925990
3.926000
3.926000
3.926000
3.926000
3.926000
3.926000
3.926000
3.928000
3.928000
3.928000
3.928000
3.928000
3.928000
3.928000
3.929000
3.929000
3.929000
3.929000
3.929000
3.929000
3.929000
3.930000
3.930000
3.930000
3.930000
3.930000
3.930000
3.930000
3.932000
3.932000
3.932000
3.932000
3.932000
3.932000
3.932000
3.933000
3.933000
3.933000
3.933000
3.933000
3.933000
3.933259
3.934000
3.934000
3.934000
3.934000
3.934000
3.934000
3.934000
3.936000
3.936000
3.936000
3.936000
3.936000
3.936000
3.936000
3.937000
3.937000
3.937000
3.937000
3.937000
3.937000
3.937000
3.939000
3.939000
3.939000
3.939000
3.939000
3.939000
3.939000
3.939998
3.940000
3.940000
3.940000
3.940000
3.940000
3.940000
3.941000
3.941000
3.941000
3.941000
3.941000
3.941000
3.941000
3.943000
3.943000
3.943000
3.943000
3.943000
3.943000
3.943000
3.943998
3.944000
3.944000
3.944000
3.944000
3.944000
3.944000
3.944990
3.945000
3.945000
3.945000
3.945000
3.945000
3.945000
3.946156
3.947000
3.947000
3.947000
3.947000
3.947000
3.947000
3.947899
3.948000
3.948000
3.948000
3.948000
3.948000
3.948000
3.949979
3.950000
3.950000
3.950000
3.950000
3.950000
3.950000
3.950999
3.951000
3.951000
3.951000
3.951000
3.951000
3.951000
3.951899
3.952000
3.952000
3.952000
3.952000
3.952000
3.952000
3.953979
3.954000
3.954000
3.954000
3.954000
3.954000
3.954000
3.954578
3.955000
3.955000
3.955000
3.955000
3.955000
3.955000
3.955899
3.956000
3.956000
3.956000
3.956000
3.956000
3.956000
3.958000
3.958000
3.958000
3.958000
3.958000
3.958000
3.958259
3.959000
3.959000
3.959000
3.959000
3.959000
3.959000
3.960156
3.961000
3.961000
3.961000
3.961000
3.961000
3.961000
3.961000
3.962000
3.962000
3.962000
3.962000
3.962000
3.962000
3.962259
3.963000
3.963000
3.963000
3.963000
3.963000
3.963000
3.964999
3.965000
3.936741
3.934001
3.933002
3.932010
3.932000
3.930000
3.929741
3.929000
3.929000
3.928000
3.928000
3.926003
3.926000
3.926000
3.925002
3.925000
3.925000
3.925000
3.923000
3.923000
3.923000
3.923000
3.922422
3.922000
3.922000
3.922000
3.922000
3.922000
3.922000
3.921000
3.921000
3.921000
3.921000
3.921000
3.921000
3.921000
3.921000
3.919001
3.919000
3.919000
3.919000
3.919000
3.919000
3.919000
3.919000
3.919000
3.919000
3.919000
3.918741
3.918000
3.918000
3.918000
3.918000
3.918000
3.918000
3.918000
3.918000
3.918000
3.918000
3.918000
3.918000
3.918000
3.918000
3.918000
3.917001
3.917000
3.917000
3.917000
3.917000
3.917000
3.917000
3.917000
3.917000
3.917000
3.917000
3.917000
3.917000
3.917000
3.917000
3.917000
3.917000
3.917000
3.917000
3.917000
3.917000
3.915000
3.915000
3.915000
3.915000
3.915000
3.915000
3.915000
3.915000
3.915000
3.915000
3.915000
3.915000
3.915000
3.915000
3.915000
3.915000
3.915000
3.915000
3.915000
3.915000
3.915000
3.915000
3.915000
3.915000
3.915000
3.915000
3.915000
3.914579
3.914101
3.914010
3.914000
3.914000
3.914000
3.914000
3.914000
3.914000
3.914000
3.914000
3.914000
3.914000
3.914000
3.914000
3.914000
3.914000
3.914000
3.914000
3.914000
3.914000
3.914000
3.914000
3.914000
3.914000
3.914000
3.914000
3.914000
3.914000
3.914000
3.914000
3.914000
3.914000
3.914000
3.914000
3.914000
3.914000
3.913901
3.913000
3.913000
3.913000
3.913000
3.913000
3.913000
3.913000
3.913000
3.913000
3.913000
3.913000
3.913000
3.913000
3.913000
3.913000
3.913000
3.913000
3.913000
3.913000
3.913000
3.913000
3.913000
3.913000
3.913000
3.913000
3.913000
3.913000
3.913000
3.913000
3.913000
3.913000
3.913000
3.913000
3.913000
3.913000
3.913000
3.913000
3.913000
3.913000
3.913000
3.913000
3.913000
3.913000
3.913000
3.913000
3.913000
3.911844
3.911000
3.911000
3.911000
3.911000
3.911000
3.911000
3.911000
3.911000
3.911000
3.911000
3.911000
3.911000
3.911000
3.911000
3.911000
3.911000
3.911000
3.911000
3.911000
3.911000
3.911000
3.911000
3.911000
3.911000
3.911000
3.911000
3.911000
3.911000
3.911000
3.911000
3.911000
3.911000
3.911000
3.911000
3.911000
3.911000
3.911000
3.911000
3.911000
3.911000
3.911000
3.911000
3.911000
3.911000
3.911000
3.911000
3.911000
3.911000
3.911000
3.911000
3.911000
3.911000
3.911000
3.911000
3.910101
3.910000
3.910000
3.910000
3.910000
3.910000
3.910000
3.910000
3.910000
3.910000
3.910000
3.910000
3.910000
3.910000
3.910000
3.910000
3.910000
3.910000
3.910000
3.910000
3.910000
3.910000
3.910000
3.910000
3.910000
3.910000
3.910000
3.910000
3.910000
3.910000
3.910000
3.910000
3.910000
3.910000
3.910000
3.910000
3.910000
3.910000
3.910000
3.910000
3.910000
3.910000
3.910000
3.910000
3.910000
3.910000
3.910000
3.910000
3.910000
3.915553
3.938999
3.940899
3.943000
3.943999
3.944899
3.945517
3.947000
3.947998
3.948000
3.950000
3.950000
3.951000
3.951000
3.952000
3.952000
3.953999
3.954000
3.954000
3.955000
3.955000
3.955000
3.956000
3.956000
3.956000
3.958000
3.958000
3.958000
3.958000
3.959000
3.959000
3.959000
3.960997
3.961000
3.961000
3.961000
3.961990
3.962000
3.962000
3.962000
3.962999
3.963000
3.963000
3.963000
3.963000
3.965000
3.965000
3.965000
3.965000
3.966000
3.966000
3.966000
3.966000
3.966000
3.967000
3.967000
3.967000
3.967000
3.968999
3.969000
3.969000
3.969000
3.969000
3.969990
3.970000
3.970000
3.970000
3.970000
3.971997
3.972000
3.972000
3.972000
3.972259
3.973000
3.973000
3.973000
3.973000
3.973000
3.974000
3.974000
3.974000
3.974000
3.975999
3.976000
3.976000
3.976000
3.976000
3.976259
3.977000
3.977000
3.977000
3.977000
3.977899
3.978000
3.978000
3.978000
3.978000
3.979156
3.980000
3.980000
3.980000
3.980000
3.980259
3.981000
3.981000
3.981000
3.981000
3.982798
3.983000
3.983000
3.983000
3.983000
3.983578
3.984000
3.984000
3.984000
3.984000
3.984000
3.985000
3.985000
3.985000
3.985000
3.985000
3.987000
3.987000
3.987000
3.987000
3.987000
3.987899
3.988000
3.988000
3.988000
3.988000
3.988999
3.989000
3.989000
3.989000
3.989000
3.989000
3.991000
3.991000
3.991000
3.991000
3.991000
3.992000
3.992000
3.992000
3.992000
3.992000
3.993997
3.994000
3.994000
3.994000
3.994000
3.994000
3.995000
3.995000
3.995000
3.995000
3.995000
3.995999
3.996000
3.996000
3.996000
3.996000
3.997979
3.998000
3.998000
3.998000
3.998000
3.998000
3.999000
3.999000
3.999000
3.999000
3.999000
3.999899
4.000000
4.000000
4.000000
4.000000
4.000000
4.002000
4.002000
4.002000
4.002000
4.002000
4.002578
4.003000
4.003000
4.003000
4.003000
4.003517
4.005000
4.005000
4.005000
4.005000
4.005000
4.006000
4.006000
4.006000
4.006000
4.006000
4.006000
4.007000
4.007000
4.007000
4.007000
4.007000
4.009000
4.009000
4.009000
4.009000
4.009000
4.009578
4.010000
4.010000
4.010000
4.010000
4.010000
4.010999
4.011000
4.011000
4.011000
4.011000
4.012979
4.013000
4.013000
4.013000
4.013000
4.013000
4.014000
4.014000
4.014000
4.014000
4.014000
4.015798
4.016000
4.016000
4.016000
4.016000
4.016578
4.017000
4.017000
4.017000
4.017000
4.017000
4.017999
4.018000
4.018000
4.018000
4.018000
4.018517
4.020000
4.020000
4.020000
4.020000
4.020000
4.021000
4.021000
4.021000
4.021000
4.021000
4.021998
4.022000
4.022000
4.022000
4.022000
4.023999
4.024000
4.024000
4.024000
4.024000
4.024000
4.025000
4.025000
4.025000
4.025000
4.025000
4.025990
4.026000
4.026000
4.026000
4.026000
4.027997
4.028000
4.028000
4.028000
4.028000
4.028000
4.029000
4.029000
4.029000
4.029000
4.029000
4.031000
4.031000
4.031000
4.031000
4.031000
4.032000
4.032000
4.032000
4.032000
4.032000
4.032000
4.033000
4.033000
4.033000
4.033000
4.034156
4.035000
4.035000
4.035000
4.035000
4.035000
4.036000
4.036000
4.036000
4.036000
4.036000
4.037000
4.037000
4.037000
4.037000
4.010434
4.009002
4.007000
4.006000
4.005002
4.003000
4.002422
4.002000
4.000000
4.000000
3.999000
3.999000
3.998001
3.998000
3.997483
3.996000
3.996000
3.995741
3.995000
3.995000
3.995000
3.994001
3.994000
3.994000
3.994000
3.992202
3.992000
3.992000
3.992000
3.992000
3.992000
3.991002
3.991000
3.991000
3.991000
3.991000
3.991000
3.991000
3.989021
3.989000
3.989000
3.989000
3.989000
3.989000
3.989000
3.989000
3.989000
3.988000
3.988000
3.988000
3.988000
3.988000
3.988000
3.988000
3.988000
3.988000
3.988000
3.988000
3.988000
3.987000
3.987000
3.987000
3.987000
3.987000
3.987000
3.987000
3.987000
3.987000
3.987000
3.987000
3.987000
3.987000
3.987000
3.987000
3.985538
3.985000
3.985000
3.985000
3.985000
3.985000
3.985000
3.985000
3.985000
3.985000
3.985000
3.985000
3.985000
3.985000
3.985000
3.985000
3.985000
3.985000
3.985000
3.985000
3.985000
3.985000
3.984001
3.984000
3.984000
3.984000
3.984000
3.984000
3.984000
3.984000
3.984000
3.984000
3.984000
3.984000
3.984000
3.984000
3.984000
3.984000
3.984000
3.984000
3.984000
3.984000
3.984000
3.984000
3.984000
3.984000
3.984000
3.984000
3.984000
3.984000
3.983002
3.983000
3.983000
3.983000
3.983000
3.983000
3.983000
3.983000
3.983000
3.983000
3.983000
3.983000
3.983000
3.983000
3.983000
3.983000
3.983000
3.983000
3.983000
3.983000
3.983000
3.983000
3.983000
3.983000
3.983000
3.983000
3.983000
3.983000
3.983000
3.983000
3.983000
3.983000
3.983000
3.983000
3.983000
3.983000
3.983000
3.983000
3.983000
3.983000
3.983000
3.981000
3.981000
3.981000
3.981000
3.981000
3.981000
3.981000
3.981000
3.981000
3.981000
3.981000
3.981000
3.981000
3.981000
3.981000
3.981000
3.981000
3.981000
3.981000
3.981000
3.981000
3.981000
3.981000
3.981000
3.981000
3.981000
3.981000
3.981000
3.981000
3.981000
3.981000
3.981000
3.981000
3.981000
3.981000
3.981000
3.981000
3.981000
3.981000
3.981000
3.981000
3.981000
3.981000
3.981000
3.981000
3.981000
3.981000
3.981000
3.981000
3.981000
3.981000
3.981000
3.981000
3.981000
3.981000
3.981000
3.981000
3.981000
3.981000
3.980741
3.980422
3.981000
3.980000
3.980001
3.980000
3.980000
3.980000
3.980000
3.980000
3.980000
3.980000
3.980000
3.980000
3.980000
3.980000
3.980000
3.980000
3.980000
3.980000
3.980000
3.980000
3.980000
3.980000
3.980000
3.980000
3.980000
3.980000
3.980000
3.980000
3.980000
3.980000
3.980000
3.980000
3.980000
3.980000
3.980000
3.980000
3.980000
3.980000
3.980000
3.980000
3.980000
3.980000
3.980000
3.980000
3.980000
3.980000
3.980000
3.980000
3.980000
3.980000
3.980000
3.980000
3.980000
3.980000
3.980000
3.980000
3.980000
3.980000
3.980000
3.980000
3.980000
3.980000
3.980000
3.980000
3.980000
3.980000
3.980000
3.980000
3.980000
3.980000
3.980000
3.980000
3.980000
3.980000
3.980000
4.006999
4.009259
4.010999
4.012798
4.013259
4.014000
4.015997
4.016259
4.017000
4.017998
4.018517
4.020000
4.020899
4.021000
4.021578
4.022000
4.022517
4.024000
4.024000
4.025000
4.025000
4.025998
4.026000
4.026000
4.028000
4.028000
4.028999
4.029000
4.029000
4.031000
4.031000
4.031000
4.032000
4.032000
4.032259
4.033000
4.033000
4.033517
4.035000
4.035000
4.035000
4.036000
4.036000
4.036259
4.037000
4.037000
4.037000
4.038999
4.039000
4.039000
4.039999
4.040000
4.040000
4.041156
4.042000
4.042000
4.042000
4.043000
4.043000
4.043000
4.043998
4.044000
4.044000
4.044000
4.046000
4.046000
4.046000
4.047000
4.047000
4.047000
4.047259
4.048000
4.048000
4.048000
4.049999
4.050000
4.050000
4.050578
4.051000
4.051000
4.051000
4.052798
4.053000
4.053000
4.053000
4.054000
4.054000
4.054000
4.054259
4.055000
4.055000
4.055000
4.056999
4.057000
4.057000
4.057000
4.058000
4.058000
4.058000
4.058000
4.059000
4.059000
4.059000
4.061000
4.061000
4.061000
4.061000
4.061999
4.062000
4.062000
4.062000
4.064000
4.064000
4.064000
4.064000
4.065000
4.065000
4.065000
4.065990
4.066000
4.066000
4.066000
4.067156
4.068000
4.068000
4.068000
4.068998
4.069000
4.069000
4.069000
4.070000
4.070000
4.070000
4.070000
4.072000
4.072000
4.072000
4.072000
4.073000
4.073000
4.073000
4.073000
4.075000
4.075000
4.075000
4.075990
4.076000
4.076000
4.076000
4.076578
4.077000
4.077000
4.077000
4.078997
4.079000
4.079000
4.079000
4.079990
4.080000
4.080000
4.080000
4.081000
4.081000
4.081000
4.081000
4.082997
4.083000
4.083000
4.083000
4.084000
4.084000
4.084000
4.084000
4.086000
4.086000
4.086000
4.086000
4.087000
4.087000
4.087000
4.087000
4.088000
4.088000
4.088000
4.088517
4.090000
4.090000
4.090000
4.090578
4.091000
4.091000
4.091000
4.091899
4.092000
4.092000
4.092000
4.094000
4.094000
4.094000
4.094000
4.094999
4.095000
4.095000
4.095000
4.096997
4.097000
4.097000
4.097000
4.098000
4.098000
4.098000
4.098000
4.099000
4.099000
4.099000
4.099000
4.100997
4.101000
4.101000
4.101000
4.102000
4.102000
4.102000
4.102000
4.103000
4.103000
4.103000
4.103000
4.105000
4.105000
4.105000
4.105000
4.106000
4.106000
4.106000
4.106517
4.108000
4.108000
4.108000
4.108000
4.109000
4.109000
4.109000
4.109000
4.110000
4.110000
4.110000
4.110000
4.112000
4.112000
4.112000
4.112000
4.113000
4.113000
4.113000
4.113000
4.114000
4.114000
4.114000
4.114000
4.116000
4.116000
4.116000
4.116000
4.117000
4.117000
4.117000
4.117000
4.117990
4.118000
4.118000
4.118000
4.119999
4.120000
4.120000
4.120000
4.120899
4.121000
4.121000
4.121000
4.122979
4.123000
4.123000
4.123000
4.123000
4.124000
4.124000
4.124000
4.124000
4.125000
4.125000
4.125000
4.125000
4.126999
4.127000
4.127000
4.127000
4.128000
4.128000
4.128000
4.128000
4.128990
4.129000
4.129000
4.129000
4.130999
4.131000
4.131000
4.131000
4.131000
4.132000
4.132000
4.132000
4.132517
4.134000
4.134000
4.134000
4.134000
4.134998
4.135000
4.135000
4.135000
4.136000
4.136000
4.112023
4.108010
4.105422
4.103003
4.102000
4.101000
4.099000
4.098000
4.097422
4.097000
4.095000
4.094422
4.094000
4.092000
4.092000
4.091002
4.091000
4.090422
4.090000
4.090000
4.088001
4.088000
4.088000
4.087001
4.087000
4.087000
4.087000
4.086000
4.086000
4.086000
4.086000
4.084000
4.084000
4.084000
4.084000
4.084000
4.083000
4.083000
4.083000
4.083000
4.083000
4.081844
4.081000
4.081000
4.081000
4.081000
4.081000
4.081000
4.080002
4.080000
4.080000
4.080000
4.080000
4.080000
4.080000
4.080000
4.079422
4.079000
4.079000
4.079000
4.079000
4.079000
4.079000
4.079000
4.079000
4.079000
4.079000
4.077000
4.077000
4.077000
4.077000
4.077000
4.077000
4.077000
4.077000
4.077000
4.077000
4.077000
4.077000
4.076000
4.076000
4.076000
4.076000
4.076000
4.076000
4.076000
4.076000
4.076000
4.076000
4.076000
4.076000
4.076000
4.076000
4.076000
4.075741
4.075000
4.075000
4.075000
4.075000
4.075000
4.075000
4.075000
4.075000
4.075000
4.075000
4.075000
4.075000
4.075000
4.075000
4.075000
4.075000
4.075000
4.075000
4.075000
4.073003
4.073000
4.073000
4.073000
4.073000
4.073000
4.073000
4.073000
4.073000
4.073000
4.073000
4.073000
4.073000
4.073000
4.073000
4.073000
4.073000
4.073000
4.073000
4.073000
4.073000
4.073000
4.073000
4.073000
4.073000
4.073000
4.072000
4.072000
4.072000
4.072000
4.072000
4.072000
4.072000
4.072000
4.072000
4.072000
4.072000
4.072000
4.072000
4.072000
4.072000
4.072000
4.072000
4.072000
4.072000
4.072000
4.072000
4.072000
4.072000
4.072000
4.072000
4.072000
4.072000
4.072000
4.072000
4.072000
4.072000
4.072000
4.072000
4.072000
4.070202
4.070000
4.070000
4.070000
4.070000
4.070000
4.070000
4.070000
4.070000
4.070000
4.070000
4.070000
4.070000
4.070000
4.070000
4.070000
4.070000
4.070000
4.070000
4.070000
4.070000
4.070000
4.070000
4.070000
4.070000
4.070000
4.070000
4.070000
4.070000
4.070000
4.070000
4.070000
4.070000
4.070000
4.070000
4.070000
4.070000
4.070000
4.070000
4.070000
4.070000
4.070000
4.070000
4.070000
4.070000
4.070000
4.070000
4.070000
4.070000
4.069269
4.069000
4.069000
4.069000
4.069000
4.069000
4.069000
4.069000
4.069000
4.069000
4.069000
4.069000
4.069000
4.069000
4.069000
4.069000
4.069000
4.069000
4.069000
4.069000
4.069000
4.069000
4.069000
4.069000
4.069000
4.069000
4.069000
4.069000
4.069000
4.069000
4.069000
4.069000
4.069000
4.069000
4.069000
4.069000
4.069000
4.069000
4.069000
4.069000
4.069000
4.069000
4.069000
4.069000
4.069000
4.069000
4.069000
4.069000
4.069000
4.069000
4.069000
4.069000
4.069000
4.069000
4.069000
4.069000
4.069000
4.069000
4.069000
4.069000
4.069000
4.069000
4.069000
4.069000
4.069000
4.069000
4.069000
4.069000
4.069000
4.069000
4.069000
4.069000
4.069000
4.069000
4.068000
4.068010
4.068000
4.068000
4.095454
4.097578
4.098899
4.100979
4.101999
4.102998
4.104979
4.105999
4.106000
4.108000
4.108999
4.109000
4.110000
4.112000
4.112899
4.113000
4.114000
4.114000
4.116000
4.116578
4.117000
4.117990
4.118000
4.119997
4.120000
4.121000
4.121000
4.122979
4.123000
4.123998
4.124000
4.124999
4.125000
4.127000
4.127000
4.127000
4.128000
4.128000
4.129000
4.129000
4.131000
4.131000
4.132000
4.132000
4.133798
4.134000
4.134000
4.135000
4.135000
4.136000
4.136000
4.136517
4.138000
4.138000
4.139000
4.139000
4.139899
4.140000
4.140000
4.142000
4.142000
4.142578
4.143000
4.143000
4.145000
4.145000
4.145990
4.146000
4.146000
4.147000
4.147000
4.147000
4.149000
4.149000
4.149998
4.150000
4.150000
4.151000
4.151000
4.152156
4.153000
4.153000
4.153999
4.154000
4.154000
4.156000
4.156000
4.156000
4.157000
4.157000
4.157259
4.158000
4.158000
4.158517
4.160000
4.160000
4.160990
4.161000
4.161000
4.162000
4.162000
4.162000
4.163979
4.164000
4.164000
4.165000
4.165000
4.165000
4.167000
4.167000
4.167000
4.167990
4.168000
4.168000
4.169000
4.169000
4.169000
4.171000
4.171000
4.171000
4.171259
4.172000
4.172000
4.172990
4.173000
4.173000
4.173517
4.175000
4.175000
4.175000
4.176000
4.176000
4.176000
4.178000
4.178000
4.178000
4.178578
4.179000
4.179000
4.179000
4.180000
4.180000
4.180000
4.182000
4.182000
4.182000
4.182899
4.183000
4.183000
4.183000
4.184000
4.184000
4.184000
4.185979
4.186000
4.186000
4.186990
4.187000
4.187000
4.187000
4.189000
4.189000
4.189000
4.189999
4.190000
4.190000
4.190000
4.191000
4.191000
4.191000
4.192798
4.193000
4.193000
4.193000
4.194000
4.194000
4.194000
4.194990
4.195000
4.195000
4.195517
4.197000
4.197000
4.197000
4.197999
4.198000
4.198000
4.198000
4.200000
4.200000
4.200000
4.200998
4.201000
4.201000
4.201000
4.202000
4.202000
4.201002
4.201000
4.201000
4.201000
4.201000
4.201000
4.201000
4.201000
4.201000
4.201000
4.201000
4.201000
4.201000
4.201000
4.201000
4.201000
4.201000
4.201000
4.201000
4.201000
4.201000
4.201000
4.201000
4.201000
4.201000
4.201000
4.201000
4.201000
4.201000
4.201000
4.201000
4.201000
4.201000
4.201000
4.201000
4.201000
4.201000
4.201000
4.201000
4.201000
4.201000
4.201000
4.201000
4.201000
4.201000
4.201000
4.201000
4.201000
4.201000
4.201000
4.201000
4.201000
4.201000
4.201000
4.201000
4.201000
4.201000
4.201000
4.201000
4.201000
4.201000
4.201000
4.201000
4.201000
4.201000
4.201000
4.201000
4.201000
4.201000
4.201000
4.201000
4.201000
4.201000
4.201000
4.201000
4.201000
4.201000
4.201000
4.201000
4.201000
4.201000
4.201000
4.201000
4.201000
4.201000
4.201000
4.201000
4.201000
4.201000
4.201000
4.201000
4.201000
4.201000
4.201000
4.201000
4.201000
4.201000
4.201000
4.201000
4.201000
4.201000
4.201000
4.201000
4.201000
4.201000
4.201000
4.201000
4.201000
4.201000
4.201000
4.201000
4.201000
4.201000
4.201000
4.201000
4.201000
4.201000
4.201000
4.201000
4.201000
4.201000
4.201000
4.201000
4.201000
4.201000
4.201000
4.201000
4.201000
4.201000
4.201000
4.201000
4.201000
4.201000
4.201000
4.201000
4.201000
4.201000
4.201000
4.201000
4.201000
4.201000
4.201000
4.201000
4.201000
4.201000
4.201000
4.201000
4.201000
4.201000
4.201000
4.201000
4.201000
4.201000
4.201000
4.201000
4.201000
4.201000
4.201000
4.201000
4.201000
4.201000
4.201000
4.201000
4.201000
4.201000
4.201000
4.201000
4.201000
4.201000
4.201000
4.201000
4.201000
4.201000
4.201000
4.201000
4.201000
4.201000
4.201000
4.201000
4.201000
4.201000
4.201000
4.201000
4.201000
4.201000
4.201000
4.201000
4.201000
4.201000
4.201000
4.201000
4.201000
4.201000
4.201000
4.201000
4.201000
4.201000
4.201000
4.201000
4.201000
4.201000
4.201000
4.201000
4.201000
4.201000
4.201000
4.201000
4.201000
4.201000
4.201000
4.201000
4.201000
4.201000
4.201000
4.201000
4.201000
4.201000
4.201000
4.201000
4.201000
4.201000
4.201000
4.201000
4.201000
4.201000
4.201000
4.201000
4.201000
4.201000
4.201000
4.201000
4.201000
4.201000
4.201000
4.201000
4.193000
4.191001
4.191000
4.190741
4.190000
4.190000
4.189010
4.189000
4.189000
4.189000
4.187000
4.187000
4.187000
4.187000
4.186101
4.186000
4.186000
4.186000
4.186000
4.184844
4.184000
4.184000
4.184000
4.184000
4.184000
4.183422
4.183000
4.183000
4.183000
4.183000
4.183000
4.183000
4.183000
4.182010
4.182000
4.182000
4.182000
4.182000
4.182000
4.182000
4.182000
4.182000
4.182000
4.180000
4.180000
4.180000
4.180000
4.180000
4.180000
4.180000
4.180000
4.180000
4.180000
4.180000
4.179000
4.179000
4.179000
4.179000
4.179000
4.179000
4.179000
4.179000
4.179000
4.179000
4.179000
4.179000
4.179000
4.178422
4.178000
4.178000
4.178000
4.178000
4.178000
4.178000
4.178000
4.178000
4.178000
4.178000
4.178000
4.178000
4.178000
4.178000
4.178000
4.176202
4.176000
4.176000
4.176000
4.176000
4.176000
4.176000
4.176000
4.176000
4.176000
4.176000
4.176000
4.176000
4.176000
4.176000
4.176000
4.176000
4.176000
4.176000
4.176000
4.175579
4.175000
4.175000
4.175000
4.175000
4.175000
4.175000
4.175000
4.175000
4.175000
4.175000
4.175000
4.175000
4.175000
4.175000
4.175000
4.175000
4.175000
4.175000
4.175000
4.175000
4.175000
4.175000
4.175000
4.175000
4.173003
4.173000
4.173000
4.173000
4.173000
4.173000
4.173000
4.173000
4.173000
4.173000
4.173000
4.173000
4.173000
4.173000
4.173000
4.173000
4.173000
4.173000
4.173000
4.173000
4.173000
4.173000
4.173000
4.173000
4.173000
4.173000
4.173000
4.173000
4.173000
4.173000
4.173000
4.172000
4.172000
4.172000
4.172000
4.172000
4.172000
4.172000
4.172000
4.172000
4.172000
4.172000
4.172000
4.172000
4.172000
4.172000
4.172000
4.172000
4.172000
4.172000
4.172000
4.172000
4.172000
4.172000
4.172000
4.172000
4.172000
4.172000
4.172000
4.172000
4.172000
4.172000
4.172000
4.172000
4.172000
4.172000
4.172000
4.172000
4.172000
4.172000
4.171741
4.171001
4.171901
4.171000
4.171000
4.171000
4.171000
4.171000
4.171000
4.171000
4.171000
4.171000
4.171000
4.171000
4.171000
4.171000
4.171000
4.171000
4.171000
4.171000
4.171000
4.171000
4.171000
4.171000
4.171000
4.171000
4.171000
4.171000
4.171000
4.171000
4.171000
4.171000
4.171000
4.171000
4.171000
4.171000
4.171000
4.171000
4.171000
4.171000
4.171000
4.171000
4.171000
4.171000
4.171000
4.171000
4.171000
4.171000
4.171000
4.171000
4.171000
4.171000
4.171000
4.171000
4.171000
4.169844
4.169003
4.169000
4.169000
4.169000
4.169000
4.169000
4.169000
4.169000
4.169000
4.169000
4.169000
4.169000
4.169000
4.169000
4.169000
4.169000
4.169000
4.169000
4.169000
4.169000
4.169000
4.169000
4.169000
4.169000
4.169000
4.169000
4.169000
4.169000
4.169000
4.169000
4.169000
4.169000
4.169000
4.169000
4.169000
4.169000
4.169000
4.169000
4.169000
4.169000
4.169000
4.169000
4.169000
4.169000
4.169000
4.169000
4.169000
4.196999
4.198000
4.200990
4.201422
4.201000
4.201000
4.201000
4.201000
4.201000
4.201000
4.201000
4.201000
4.201000
4.201000
4.201000
4.201000
4.201000
4.201000
4.201000
4.201000
4.201000
4.201000
4.201000
4.201000
4.201000
4.201000
4.201000
4.201000
4.201000
4.201000
4.201000
4.201000
4.201000
4.201000
4.201000
4.201000
4.201000
4.201000
4.201000
4.201000
4.201000
4.201000
4.201000
4.201000
4.201000
4.201000
4.201000
4.201000
4.201000
4.201000
4.201000
4.201000
4.201000
4.201000
4.201000
4.201000
4.201000
4.201000
4.201000
4.201000
4.201000
4.201000
4.201000
4.201000
4.201000
4.201000
4.201000
4.201000
4.201000
4.201000
4.201000
4.201000
4.201000
4.201000
4.201000
4.201000
4.201000
4.201000
4.201000
4.201000
4.201000
4.201000
4.201000
4.201000
4.201000
4.201000
4.201000
4.201000
4.201000
4.201000
4.201000
4.201000
4.201000
4.201000
4.201000
4.201000
4.201000
4.201000
4.201000
4.201000
4.201000
4.201000
4.201000
4.201000
4.201000
4.201000
4.201000
4.201000
4.201000
4.201000
4.201000
4.201000
4.201000
4.201000
4.201000
4.201000
4.201000
4.201000
4.201000
4.201000
4.201000
4.201000
4.201000
4.201000
4.201000
4.201000
4.201000
4.201000
4.201000
4.201000
4.201000
4.201000
4.201000
4.201000
4.201000
4.201000
4.201000
4.201000
4.201000
4.201000
4.201000
4.201000
4.201000
4.201000
4.201000
4.201000
4.201000
4.201000
4.201000
4.201000
4.201000
4.201000
4.201000
4.201000
4.201000
4.201000
4.201000
4.201000
4.201000
4.201000
4.201000
4.201000
4.201000
4.201000
4.201000
4.201000
4.201000
4.201000
4.201000
4.201000
4.201000
4.201000
4.201000
4.201000
4.201000
4.201000
4.201000
4.201000
4.201000
4.201000
4.201000
4.201000
4.201000
4.201000
4.201000
4.201000
4.201000
4.201000
4.201000
4.201000
4.201000
4.201000
4.201000
4.201000
4.201000
4.201000
4.201000
4.201000
4.201000
4.201000
4.201000
4.201000
4.201000
4.201000
4.201000
4.201000
4.201000
4.201000
4.201000
4.201000
4.201000
4.201000
4.201000
4.201000
4.201000
4.201000
4.201000
4.201000
4.201000
4.201000
4.201000
4.201000
4.201000
4.201000
4.201000
4.201000
4.201000
4.201000
4.201000
4.201000
4.201000
4.201000
4.201000
4.201000
4.201000
4.201000
4.201000
4.201000
4.201000
4.198031
4.198000
4.198000
4.198000
4.198000
4.198000
4.197000
4.197000
4.197000
4.197000
4.197000
4.197000
4.197000
4.197000
4.197000
4.197000
4.197000
4.197000
4.197000
4.195001
4.195000
4.195000
4.195000
4.195000
4.195000
4.195000
4.195000
4.195000
4.195000
4.195000
4.195000
4.195000
4.195000
4.195000
4.195000
4.195000
4.195000
4.195000
4.195000
4.195000
4.195000
4.195000
4.194000
4.194000
4.194000
4.194000
4.194000
4.194000
4.194000
4.194000
4.194000
4.194000
4.194000
4.194000
4.194000
4.194000
4.194000
4.194000
4.194000
4.194000
4.194000
4.194000
4.194000
4.194000
4.194000
4.194000
4.194000
4.194000
4.194000
4.194000
4.194000
4.194000
4.194000
4.194000
4.194000
4.194000
4.193422
4.193000
4.193000
4.193000
4.193000
4.193000
4.193000
4.193000
4.193000
4.193000
4.193000
4.193000
4.193000
4.193000
4.193000
4.193000
4.193000
4.193000
4.193000
4.193000
4.193000
4.193000
4.193000
4.193000
4.193000
4.193000
4.193000
4.193000
4.193000
4.193000
4.193000
4.193000
4.193000
4.193000
4.193000
4.193000
4.193000
4.193000
4.193000
4.193000
4.193000
4.193000
4.193000
4.193000
4.193000
4.193000
4.193000
4.193000
4.193000
4.193000
4.193000
4.193000
4.191000
4.191000
4.191000
4.191000
4.191000
4.191000
4.191000
4.191000
4.191000
4.191000
4.191000
4.191000
4.191000
4.191000
4.191000
4.191000
4.191000
4.191000
4.191000
4.191000
4.191000
4.191000
4.191000
4.191000
4.191000
4.191000
4.191000
4.191000
4.191000
4.191000
4.191000
4.191000
4.191000
4.191000
4.191000
4.191000
4.191000
4.191000
4.191000
4.191000
4.191000
4.191000
4.191000
4.191000
4.191000
4.191000
4.191000
4.191000
4.191000
4.191000
4.191000
4.191000
4.191000
4.191000
4.191000
4.191000
4.191000
4.191000
4.191000
4.191000
4.191000
4.191000
4.191000
4.191000
4.191000
4.191000
4.191000
4.191000
4.191000
4.191000
4.191000
4.191000
4.191000
4.191000
4.191000
4.191000
4.190741
4.190000
4.190000
4.190000
4.190000
4.190000
4.190000
4.190000
4.190000
4.190000
4.190000
4.190000
4.190000
4.190000
4.190000
4.190000
4.190000
4.190000
4.190000
4.190000
4.190000
4.190000
4.190000
4.190000
4.190000
4.190000
4.190000
4.190000
4.190000
4.190000
4.190000
4.190000
4.190000
4.190000
4.190000
4.190000
4.190000
4.190000
4.190000
4.190000
4.190000
4.190000
4.190000
4.190000
4.190000
4.190000
4.190000
4.190000
4.190000
4.190000
4.190000
4.190000
4.190000
4.190000
4.190000
4.190000
4.190000
4.190000
4.190000
4.190000
4.190000
4.190000
4.190000
4.190000
4.190000
4.190000
4.190000
4.190000
4.190000
4.190000
4.190000
4.190000
4.190000
4.190000
4.190000
4.190000
4.190000
4.190000
4.190000
4.190000
4.190000
4.190000
4.190000
4.190000
4.190000
4.190000
4.190000
4.190000
4.190000
4.190000
4.190000
4.190000
4.190000
4.190000
4.190000
4.190000
4.190000
4.190000
4.190000
4.190000
4.190000
4.190000
4.190000
4.190000
4.190000
4.190000
4.190000
4.190000
4.190000
4.190000
4.190000
4.190000
4.190000
4.190000
4.190000
4.190000
4.190000
4.190000
4.190000
4.190000
4.190000
4.190000
4.190000
4.190000
4.190000
4.190000
4.189741
4.189421
4.189002
4.189000
4.189000
4.189000
4.189000
4.189000
4.189000
4.189000
4.189000
4.189000
4.189000
4.189000
4.189000
4.189000
4.189000
4.189000
4.189000
4.189000
4.189000
4.189000
4.189000
4.189000
4.189000
4.189000
4.189000
4.189000
4.189000
4.189000
4.189000
4.189000
4.189000
4.189000
4.189000
4.189000
4.189000
4.189000
4.189000
4.189000
4.189000
4.189000
4.189000
4.189000
4.189000
4.189000
4.189000
4.189000
4.189000
4.189000
4.189000
4.189000
4.189000
4.189000
4.189000
4.189000
4.189000
4.189000
4.189000
4.189000
4.189000
4.189000
4.189000
4.189000
4.189000
4.189000
4.189000
4.189000
4.189000
4.189000
4.189000
4.189000
4.189000
4.189000
4.189000
4.189000
4.189000
4.189000
4.189000
4.189000
4.189000
4.189000
4.189000
4.189000
4.189000
4.189000
4.189000
4.189000
4.189000
4.189000
4.189000
4.189000
4.189000
4.189000
4.189000
4.189000
4.189000
4.189000
4.189000
4.189000
4.189000
4.189000
4.189000
4.189000
4.189000
4.189000
4.189000
4.189000
4.189000
4.189000
4.189000
4.189000
4.189000
4.189000
4.189000
4.189000
4.189000
4.189000
4.189000
4.189000
4.189000
4.189000
4.189000
4.189000
4.189000
4.189000
4.189000
4.189000
4.189000
4.189000
4.189000
4.189000
4.189000
4.189000
4.189000
4.189000
4.189000
4.189000
4.189000
4.189000
4.189000
4.189000
4.189000
4.189000
4.189000
4.189000
4.189000
4.189000
4.189000
4.189000
4.189000
4.189000
4.189000
4.189000
4.189000
4.189000
4.189000
4.189000
4.189000
4.189000
4.189000
4.189000
4.189000
4.189000
4.189000
4.189000
4.189000
4.189000
4.189000
4.189000
4.189000
4.189000
4.189000
4.189000
4.189000
4.189000
4.189000
4.189000
4.189000
4.189000
4.189000
4.189000
4.189000
4.189000
4.189000
4.189000
4.189000
4.189000
4.189000
4.189000
4.189000
4.189000
4.189000
4.189000
4.189000
4.189000
4.189000
4.189000
4.189000
4.189000
4.189000
4.189000
4.189000
4.189000
4.189000
4.189000
4.189000
4.189000
4.189000
4.189000
4.189000
4.189000
4.189000
4.189000
4.189000
4.189000
4.189000
4.189000
4.189000
4.189000
4.189000
4.189000
4.189000
4.189000
4.189000
4.189000
4.189000
4.188801
4.187538
4.188999
4.188997
4.187000
4.187842
4.187003
4.187000
4.187000
4.187000
4.187000
4.187000
4.187000
4.187000
4.187000
4.187000
4.187000
4.187000
4.187000
4.187000
4.187000
4.187000
4.187000
4.187000
4.187000
4.187000
4.187000
4.187000
4.187000
4.187000
4.187000
4.187000
4.187000
4.187000
4.187000
4.187000
4.187000
4.187000
4.187000
4.187000
4.187000
4.187000
4.187000
4.187000
4.187000
4.187000
4.187000
4.187000
4.187000
4.187000
4.187000
4.187000
4.187000
4.187000
4.187000
4.187000
4.187000
4.187000
4.187000
4.187000
4.187000
4.187000
4.187000
4.187000
4.187000
4.187000
4.187000
4.187000
4.187000
4.187000
4.187000
4.187000
4.187000
4.187000
4.187000
4.187000
4.187000
4.187000
4.187000
4.187000
4.187000
4.187000
4.187000
4.187000
4.187000
4.187000
4.187000
4.187000
4.187000
4.187000
4.187000
4.187000
4.187000
4.187000
4.187000
4.187000
4.187000
4.187000
4.187000
4.187000
4.187000
4.187000
4.187000
4.187000
4.187000
4.187000
4.187000
4.187000
4.187000
4.187000
4.187000
4.187000
4.187000
4.187000
4.187000
4.187000
4.187000
4.187000
4.187000
4.187000
4.187000
4.187000
4.187000
4.187000
4.187000
4.187000
4.187000
4.187000
4.187000
4.187000
4.187000
4.187000
4.187000
4.187000
4.187000
4.187000
4.187000
4.187000
4.187000
4.187000
4.187000
4.187000
4.187000
4.187000
4.187000
4.187000
4.187000
4.187000
4.187000
4.187000
4.187000
4.187000
4.187000
4.187000
4.187000
4.187000
4.187000
4.187000
4.187000
4.187000
4.187000
4.187000
4.187000
4.187000
4.187000
4.187000
4.187000
4.187000
4.187000
4.187000
4.187000
4.187000
4.187000
4.187000
4.187000
4.187000
4.187000
4.187000
4.187000
4.187000
4.187000
4.187000
4.187000
4.187000
4.187000
4.187000
4.187000
4.187000
4.187000
4.187000
4.187000
4.187000
4.187000
4.187000
4.187000
4.187000
4.187000
4.187000
4.187000
4.187000
4.187000
4.187000
4.187000
4.187000
4.187000
4.187000
4.187000
4.187000
4.187000
4.187000
4.187000
4.187000
4.187000
4.187000
4.187000
4.187000
4.187000
4.187000
4.187000
4.187000
4.187000
4.187000
4.187000
4.187000
4.187000
4.187000
4.187000
4.187000
4.187000
4.187000
4.187000
4.187000
4.187000
4.187000
4.187000
4.187000
4.187000
4.187000
4.187000
4.187000
4.187000
4.187000
4.187000
4.187000
4.187000
4.187000
4.187000
4.187000
4.187000
4.187000
4.187000
4.187000
4.187000
4.187000
4.187000
4.187000
4.187000
4.187000
4.187000
4.187000
4.187000
4.187000
4.187000
4.187000
4.187000
4.187000
4.187000
4.187000
4.187000
4.187000
4.187000
4.187000
4.187000
4.187000
4.187000
4.187000
4.187000
4.187000
4.187000
4.187000
4.187000
4.187000
4.187000
4.187000
4.187000
4.187000
4.187000
4.187000
4.187000
4.187000
4.187000
4.187000
4.187000
4.187000
4.187000
4.187000
4.187000
4.187000
4.187000
4.187000
4.187000
4.187000
4.187000
4.187000
4.187000
4.187000
4.187000
4.187000
4.187000
4.187000
4.187000
4.187000
4.187000
4.187000
4.187000
4.187000
4.187000
4.187000
4.187000
4.187000
4.187000
4.187000
4.187000
4.187000
4.187000
4.187000
4.187000
4.187000
4.187000
4.187000
4.187000
4.187000
4.187000
4.187000
4.187000
4.187000
4.187000
4.187000
4.187000
4.187000
4.187000
4.187000
4.187000
4.187000
4.187000
4.187000
4.187000
4.187000
4.187000
4.187000
4.187000
4.187000
4.187000
4.187000
4.187000
4.187000
4.187000
4.187000
4.187000
4.187000
4.187000
4.187000
4.187000
4.187000
4.187000
4.187000
4.187000
4.187000
4.187000
4.187000
4.187000
4.187000
4.187000
4.187000
4.187000
4.187000
4.187000
4.187000
4.187000
4.187000
4.187000
4.187000
4.187000
4.187000
4.187000
4.187000
4.187000
4.187000
4.187000
4.187000
4.187000
4.187000
4.187000
4.187000
4.187000
4.187000
4.187000
4.187000
4.187000
4.187000
4.187000
4.187000
4.187000
4.187000
4.187000
4.187000
4.187000
4.187000
4.187000
4.187000
4.187000
